<?xml version="1.0" encoding="utf-8"?>
<Resource>
	<Version>1</Version>
	<SSkinSkeletonData>
		<Root>
			<Sub/>
			<Entity type="SSkinSkeletonData">
				<Bones count="52" ordered="true">
					<Element index="0">
						<Transform rawdata="m1XVvTOTfj9Sz4G8qTAOv1kxkr0rGFS/EDRTv524nr1aTQ8/nZDdPkkTqz7ldhk/">(-0.10416718591358451,0.99443355934181743,-0.01584592798194473,-0.55542999607201504,-0.07138318284971722,-0.8284937903627797,-0.82501316161761085,-0.07750056297220097,0.55977401323811538,0.43274394604904931,0.3341315102113262,0.59947046137168614)</Transform>
						<Name>mixamorig:RightHandThumb1</Name>
					</Element>
					<Element index="1">
						<Transform rawdata="m1XVvQMgfj8tnXo9qTAOv85p5rti31S/EDRTv3X+9r0QVg0/WH3fPpytkz6a+hk/">(-0.1041671859135845,0.99267597275726704,0.06118505119110866,-0.55542999607201504,-0.00703165575495096,-0.83153356834272518,-0.82501316161761107,-0.12060252454968648,0.55209447944165879,0.43650317564374147,0.28843390674763386,0.60148013164440073)</Transform>
						<Name>mixamorig:RightHandThumb2</Name>
					</Element>
					<Element index="2">
						<Transform rawdata="m1XVvRH1cT8wg56+qTAOv8ODoL7/K0W/EDRTvwzcuz0jwA4/7nPfPjY49z7YVt4+">(-0.10416718591358448,0.94514569012391358,-0.30959462728721093,-0.55542999607201515,-0.31350525273124352,-0.77020260106659288,-0.82501316161761107,0.09172829961418938,0.55761926013584584,0.43643134523379556,0.48285073890294822,0.43425630126340464)</Transform>
						<Name>mixamorig:RightHandThumb3</Name>
					</Element>
					<Element index="3">
						<Transform rawdata="V7gDvpO0fb9LrxM9ftcPP/2E0r1WIFK/EjFRPxi+rr377xE/eELcvqxMtz4WnBY/">(-0.12863288873786397,-0.99103660678235772,0.03605584491123114,0.56188190219230316,-0.10279271529035397,-0.82080593666956103,0.81715500850432998,-0.08532351200312061,0.57006805767008362,-0.43019461698928074,0.35800684742742522,0.58831918472533251)</Transform>
						<Name>mixamorig:LeftHandThumb1</Name>
					</Element>
					<Element index="4">
						<Transform rawdata="V7gDvpSue7+UIgW+ftcPP6uKEj3NkVO/EjFRP1aqN77HPAw/8LLdvoQ2hD5qdR4/">(-0.12863288873786399,-0.9831326225478314,-0.13001472390567639,0.56188190219230316,0.03577677672911491,-0.82644348364339448,0.81715500850433009,-0.17936072237002926,0.54780239057565427,-0.43300579764784686,0.25822841022652948,0.61897908810452951)</Transform>
						<Name>mixamorig:LeftHandThumb2</Name>
					</Element>
					<Element index="5">
						<Transform rawdata="V7gDvqe2dL91KIc+ftcPP8NFlL7iXUa/EjFRP3BHRz1UCRM/9jbevrlt8T6zyuY+">(-0.12863288873786397,-0.95591205402892521,0.26398053886063949,0.56188190219230305,-0.28959474591727513,-0.77487006080107912,0.81715500850432987,0.04865211299943821,0.57436109197697083,-0.43401307180115051,0.47154023382202126,0.45076522467819563)</Transform>
						<Name>mixamorig:LeftHandThumb3</Name>
					</Element>
					<Element index="6">
						<Transform rawdata="8maxPXbqXr8I0Pc+T6FaPgyp6r7u3Vy/rxx5P8dYNj7QuBU++Q5gvj9CGD9nCwk/">(0.08662213400565535,-0.87076511316336014,0.48400904074659656,0.21350596883256737,-0.45832096865885852,-0.86276136891655064,0.97309393543129896,0.17807303946753483,0.146212817461737,-0.21880711838843611,0.59476083127617574,0.5353302488602254)</Transform>
						<Name>mixamorig:LeftHand</Name>
					</Element>
					<Element index="7">
						<Transform rawdata="OEoNPmQhbr/lJq4+33D1PXaDpr6dIXC/PLB7PyFGLj5EaIg9vpVEvjJ/BD++XRI/">(0.13797843015153757,-0.93019697384342592,0.340140478236511,0.11984419439553143,-0.32522170601855072,-0.93801290647636038,0.98315789224920724,0.17018939974897532,0.06660512254180721,-0.1919774701507625,0.5175658466747719,0.57174288753791269)</Transform>
						<Name>mixamorig:LeftHandIndex1</Name>
					</Element>
					<Element index="8">
						<Transform rawdata="kmEOPp7kZr/jWtE+zV3xPY0wyr4AQGm/KLZ7PzcTMz6oe1I9ljgxvs0KDz+jqgg/">(0.13904408331125945,-0.90192592046559028,0.40889653849492674,0.1178546928860372,-0.39490166271956528,-0.91113278384758245,0.98324825627619061,0.17487798824786527,0.05138745960856297,-0.17306741577968829,0.558758549013182,0.53385373684022908)</Transform>
						<Name>mixamorig:LeftHandMiddle1</Name>
					</Element>
					<Element index="9">
						<Transform rawdata="vt5SPgtpcb+m1YU+oTg1vNHnib7YhXa/SH96P10aSD699Ia9206tvRJ09z6pHR4/">(0.20592782465558918,-0.94300904944215691,0.26139562323824311,-0.01106086496765887,-0.26934674239395151,-0.96297980257858606,0.97850466953345927,0.19541306259297489,-0.06589648842615266,-0.08462305773771414,0.48330741619447454,0.61764008483726707)</Transform>
						<Name>mixamorig:LeftHandRing1</Name>
					</Element>
					<Element index="10">
						<Transform rawdata="OEoNPuZyeb9CtTU+33D1PY5LJb7gxXq/PLB7P4MuID6si8E9nzNEvrH61D5YcCI/">(0.1379784301515376,-0.97440947755263074,0.17744925563139496,0.11984419439553144,-0.16142102771273364,-0.97958186268438896,0.98315789224920735,0.15642743070534226,0.09450468758557719,-0.19160317233488938,0.41597512677153881,0.63452673597065468)</Transform>
						<Name>mixamorig:LeftHandIndex2</Name>
					</Element>
					<Element index="11">
						<Transform rawdata="PaVtPh3nX78p79m+ia6CvVKP2D6pZWe/aHl4P3uecj7meC09nE4hvSWSGL0bw0U/">(0.23207564672217398,-0.87462026486741185,-0.42565277689889797,-0.06380946194733235,0.42296843759776787,-0.90389493491339756,0.97060251739034586,0.23693267625923065,0.04235162518914661,-0.03938160913183939,-0.03724874812726661,0.77250835248380889)</Transform>
						<Name>mixamorig:LeftHandPinky2</Name>
					</Element>
					<Element index="12">
						<Transform rawdata="kmEOPqT/fL/cKoE9zV3xPXlfP70z732/KLZ7PwLYFD5fO+E9sEIwvqIXrj4SFC4/">(0.13904408331125942,-0.98827578803521188,0.06307002786283361,0.11785469288603717,-0.04672191034608315,-0.99193111473245033,0.98324825627619072,0.14535525131997729,0.10997652118075013,-0.17212938666663971,0.34002404359442445,0.67999373638709815)</Transform>
						<Name>mixamorig:LeftHandMiddle2</Name>
					</Element>
					<Element index="13">
						<Transform rawdata="OEoNPtDPfL+o0po933D1PTgncr00tH2/PLB7P8tMFT6freE9alFEviQFsz7jnyg/">(0.13797843015153755,-0.98754596478190004,0.0755971065942032,0.11984419439553141,-0.05911943296361936,-0.99103090942104566,0.98315789224920702,0.14580075476157919,0.11019443745797468,-0.1917168246612827,0.34964859376325819,0.65868968942940687)</Transform>
						<Name>mixamorig:LeftHandIndex3</Name>
					</Element>
					<Element index="14">
						<Transform rawdata="kmEOPpupfL9iA6a9zV3xPe05yD0Z+3y/KLZ7P1PrAj6tBwU+9IYwvh0Tdj4mVzQ/">(0.13904408331125945,-0.98696299468795046,-0.08106114012713325,0.11785469288603719,0.09776673225912912,-0.98820642591684094,0.98324825627619072,0.12785082083922783,0.12991209080741051,-0.17238979858034012,0.24030729346168972,0.70445477143564716)</Transform>
						<Name>mixamorig:LeftHandMiddle3</Name>
					</Element>
					<Element index="15">
						<Transform rawdata="vt5SPlmdcb8CWoS+oTg1vKMXhj5VDHe/SH96P5psTj60JTI9WQasvbds3D0dXEM/">(0.20592782465558918,-0.94380718747435777,-0.25849920320658237,-0.01106086496765887,0.26189909355954522,-0.96503193794483899,0.97850466953345927,0.20158615248506365,0.04349298675982799,-0.08399648552376307,0.10762923376524419,0.7631243156753863)</Transform>
						<Name>mixamorig:LeftHandRing2</Name>
					</Element>
					<Element index="16">
						<Transform rawdata="PaVtPmnVd78YdcG9ia6CvVdtpz2hnn6/aHl4P0qJcj6JUC+97goivTGybz4NJkA/">(0.23207564672217401,-0.96810014809428513,-0.09446161896933665,-0.06380946194733236,0.08175151961798681,-0.99460798388417437,0.97060251739034598,0.23685183617606465,-0.04280141277516432,-0.03956120379319653,0.23407818424494309,0.75058059660248988)</Transform>
						<Name>mixamorig:LeftHandPinky1</Name>
					</Element>
					<Element index="17">
						<Transform rawdata="uHkavUkrYL/tgPY+PmqIPsZC8r7C91a/ro52P/XZxT39loA+2b1mvsAsHD8AAS4/">(-0.03771373568479029,-0.87566048668567531,0.48145237168187704,0.26643555924841728,-0.47316569469829822,-0.8397179991691619,0.96311461774218809,0.09660712923011103,0.25115193742680092,-0.22533359312933551,0.61005782875463854,0.67970278218585645)</Transform>
						<Name>mixamorig:LeftForeArm</Name>
					</Element>
					<Element index="18">
						<Transform rawdata="vt5SPuVDcr/3An++oTg1vDsjgT4LtXe/SH96PyDcTj6g3ik99ausvW266z0M4D4/">(0.20592782465558923,-0.94634847260638821,-0.24903475022841923,-0.01106086496765888,0.25222190578731135,-0.967606262442681,0.97850466953345916,0.20201158045164838,0.04147207819334699,-0.08431235649478984,0.11510167500879863,0.7456061870480577)</Transform>
						<Name>mixamorig:LeftHandRing3</Name>
					</Element>
					<Element index="19">
						<Transform rawdata="xclGPS6FYr9qPO0+1eHXPcjd6b4WIWK/OUV+P2vTuz01n5E9E4vAvTTEGD/Gn2c/">(0.04853226485975081,-0.88484465565858328,0.46335153820284658,0.1054112063206761,-0.45677017505639228,-0.88331733235156074,0.99324372479749534,0.09171184078784907,0.07110444720534737,-0.09401526261570506,0.59674382708140128,0.90478169414932164)</Transform>
						<Name>mixamorig:LeftArm</Name>
					</Element>
					<Element index="20">
						<Transform rawdata="JqwpPi1gcT/A+pO+chLZvYR3jL5orXS/uP96v5CJQT4eJV89nlQxPn9W+D6f8Bk/">(0.16569576092797181,0.94287376718589233,-0.28902244543146483,-0.10599221561287778,-0.27434933787537152,-0.95577094067397661,-0.98046446393531961,0.18900132264095099,0.05447875732794853,0.17317434540300791,0.485034908765618,0.60132784376197213)</Transform>
						<Name>mixamorig:RightHandMiddle1</Name>
					</Element>
					<Element index="21">
						<Transform rawdata="JqwpPjkFfD/qnm69chLZvUO/J72KV36/uP96v4LlLj7UzMc9KswwPli5qj6EmS4/">(0.16569576092797178,0.98445468882661868,-0.05825702067378308,-0.10599221561287778,-0.04095388401997405,-0.99352324060041564,-0.98046446393531961,0.17079738004712983,0.09755864866357399,0.17265382443548241,0.33344530117558352,0.68202994318215304)</Transform>
						<Name>mixamorig:RightHandMiddle2</Name>
					</Element>
					<Element index="22">
						<Transform rawdata="JqwpPlYJfD9HPGo9chLZvW17mj0Q032/uP96vxYGIj7rTu89Z+0wPgPOgT7O4TI/">(0.16569576092797175,0.98451746130940987,0.0571863898788408,-0.1059922156128778,0.07543072954172227,-0.99150181808722693,-0.9804644639353195,0.15822633604327038,0.11684973916251777,0.17278061831048377,0.25352487460877232,0.69875802594017788)</Transform>
						<Name>mixamorig:RightHandMiddle3</Name>
					</Element>
					<Element index="23">
						<Transform rawdata="WyjOPcx/Xj9q6/e+DPFmvit+6L4gqFy/1BF4v4GsSD7H6Rk+v85sPsszFz853Qg/">(0.10066290973061305,0.86913750328042183,-0.48421793331792851,-0.22552889648779792,-0.45408759338035759,-0.86194040568506181,-0.96902203042735957,0.19597055373068198,0.15030585254768206,0.23125743022009249,0.5906340418660434,0.53462561633395678)</Transform>
						<Name>mixamorig:RightHand</Name>
					</Element>
					<Element index="24">
						<Transform rawdata="EMtfPr7PeT+YC3O5/FI5uxmDzzm8/3+/es95vwDLXz5agzo7VFrKPQR2mj7t+Tc/">(0.21854806294704571,0.97582615790791449,-0.00023178604905881,-0.00282782227583033,0.00039579793332803,-0.99999592337427701,-0.97582208808945847,0.2185478274581433,0.00284596381831721,0.09880509903549112,0.30168164170041351,0.71865730442350095)</Transform>
						<Name>mixamorig:RightHandRing1</Name>
					</Element>
					<Element index="25">
						<Transform rawdata="EMtfPtUxbT8Gxpw+/FI5u+X2oD7KBHO/es95v/SOUz5vFJI9GJXJPRJZhj2LLEM/">(0.21854806294704573,0.92654160596165525,0.30619829621356726,-0.00282782227583031,0.31438366487644043,-0.94929179638298511,-0.97582208808945847,0.20660000890816871,0.07132803597376119,0.098428907621504,0.06559957588830688,0.76239840868974473)</Transform>
						<Name>mixamorig:RightHandRing2</Name>
					</Element>
					<Element index="26">
						<Transform rawdata="RNmGPo7Ddj/5BR493HO3PZ4IfDzC8H6//uR1v1oPiD5Riai9kmb3PM1Vjz6j6Ds/">(0.26337636660060731,0.96392141172921531,0.03857991440403342,0.08957645417230561,0.0153829134214957,-0.99586114784597968,-0.9605254122528355,0.26574212685350274,-0.08229316141372597,0.03020027675105201,0.27995148949232496,0.7340185008448834)</Transform>
						<Name>mixamorig:RightHandPinky1</Name>
					</Element>
					<Element index="27">
						<Transform rawdata="K9oSPhnocz9iFIm+kF8XvjHMfL4/LHW/9YJ6v0YrNT7179c9K99aPuX97z6Uyxk/">(0.14341037606024096,0.95276029097262505,-0.26773362131794237,-0.14782548554924682,-0.24687268169282353,-0.95770637716156182,-0.97856072364487934,0.17692288427321354,0.10543814850450198,0.21374194618044934,0.46873393455905654,0.60076260684624849)</Transform>
						<Name>mixamorig:RightHandIndex1</Name>
					</Element>
					<Element index="28">
						<Transform rawdata="K9oSPrtdez+gY/29kF8Xvhaj0b3m03u/9YJ6vwEwIz7qmQU+4pRaPifuwD7KHSY/">(0.14341037606024098,0.98189894948405343,-0.12372517474313348,-0.14782548554924679,-0.10236184642903783,-0.98370208578257723,-0.97856072364487934,0.15936281058562762,0.13046994585378136,0.21345856481987688,0.3768169463716517,0.6488920567736991)</Transform>
						<Name>mixamorig:RightHandIndex2</Name>
					</Element>
					<Element index="29">
						<Transform rawdata="K9oSPsXxfD8XWma9kF8XvieMDr3aB32/9YJ6v2+pGT6ydBA+ZaxaPrw+qj5WqCg/">(0.14341037606024096,0.98806412867771776,-0.05623826131408224,-0.14782548554924682,-0.03480162785720382,-0.98840102639593197,-0.97856072364487923,0.15006040223467085,0.14107015344550333,0.21354826310038741,0.33250986980442382,0.65881862220612675)</Transform>
						<Name>mixamorig:RightHandIndex3</Name>
					</Element>
					<Element index="30">
						<Transform rawdata="4nsuvrglXD/eUfa+JUlHvl8LAr+6zla/kEl3v84hSr1xAYI+ROYGPuAVIz/D9i0/">(-0.17039445230204933,0.85995053891480011,-0.48109333943095695,-0.19461496388595664,-0.50798600570802099,-0.83909191024373397,-0.96596622428341283,-0.04934864359793141,0.25391724029433665,0.131737763813112,0.63705251763118442,0.67954655261022656)</Transform>
						<Name>mixamorig:RightForeArm</Name>
					</Element>
					<Element index="31">
						<Transform rawdata="zLVdvYdHYj9K1u2++dEAPZ5L7b7Gs2K/dX9/v6UWgL1ovzG7NxdbveDGGT+su2c/">(-0.05412845133667489,0.8839039405936685,-0.46452552166950944,0.03145024448424777,-0.46346755311055737,-0.88555564637156792,-0.99803857284063657,-0.06254319320835486,-0.00271221429924887,-0.05348893488448303,0.60069086244447667,0.90520736796091394)</Transform>
						<Name>mixamorig:RightArm</Name>
					</Element>
					<Element index="32">
						<Transform rawdata="RNmGPqqoTj8UNgc/3HO3PblQBj9+uVi//uR1vzxiij7j6IY9Mir3PDmKBL645UI/">(0.26337636660060731,0.807261131053569,0.52816890984843734,0.08957645417230557,0.52466922141391414,-0.84658038800367985,-0.96052541225283539,0.27028073255603974,0.06587388349226268,0.03017148667850165,-0.12943352635165067,0.76131772476067583)</Transform>
						<Name>mixamorig:RightHandPinky2</Name>
					</Element>
					<Element index="33">
						<Transform rawdata="RNmGPi77PD8J/B4/3HO3PeRMHz/tFEe//uR1v3FZhT6xOMg9aVz4PI2JX74ToDo/">(0.26337636660060731,0.73820771540522168,0.62103322511897008,0.0895764541723056,0.62226698526159563,-0.77766307541755519,-0.96052541225283539,0.26044801394836609,0.09776438221786292,0.03031750249882042,-0.21829814493194061,0.72900501228016423)</Transform>
						<Name>mixamorig:RightHandPinky3</Name>
					</Element>
					<Element index="34">
						<Transform rawdata="PaVtPgGOYr9Urs6+ia6CvcHuzD6OB2q/aHl4P2mgcz56LRU9VkoivaxSlbzrAEM/">(0.23207564672217398,-0.88497931470457503,-0.40367376276333039,-0.06380946194733236,0.40025904004784274,-0.91417780186677655,0.97060251739034575,0.23791661019147081,0.0364203216696818,-0.03962167263593747,-0.01822789802542903,0.76173274948611669)</Transform>
						<Name>mixamorig:LeftHandPinky3</Name>
					</Element>
					<Element index="35">
						<Transform rawdata="EMtfPk3Laj/Snao+/FI5u6wlrz7jjXC/es95v2JTUT6HbJ49Y9DJPXrFMj1q1T8/">(0.21854806294704571,0.91716462816717825,0.33323533579297382,-0.00282782227583032,0.34208428183499051,-0.93966501879266284,-0.97582208808945836,0.20441963937058658,0.0773554357258032,0.09854199392647174,0.04364535796751343,0.74935020630156679)</Transform>
						<Name>mixamorig:RightHandRing3</Name>
					</Element>
					<Element index="36">
						<Transform rawdata="ixSEvS7mg706736/btjxvZWLfb+915I9Dqx9vx1P+j3UeWY9x4TbPVxniD85/O69">(-0.06449230420652478,-0.06440387709884107,-0.99583777961712738,-0.11808858934936238,-0.99041108426751456,0.07170055247711685,-0.99090656863480853,0.12222121245791791,0.05626852994086276,0.10718684533997212,1.06565428630935166,-0.11669201228426572)</Transform>
						<Name>mixamorig:RightShoulder</Name>
					</Element>
					<Element index="37">
						<Transform rawdata="AACAv8bEGqWAU/ykMjENpWl2zz3hrn4/MjENpeGufj9pds+96LSBsyBPub2K7me/">(-1,-0.00000000000000013,-0.00000000000000011,-0.00000000000000012,0.10130006587728417,0.9948559175344226,-0.00000000000000012,0.9948559175344226,-0.10130006587728417,-0.0000000603993725,-0.09048294649870864,-0.9059835483759936)</Transform>
						<Name>mixamorig:Spine1</Name>
					</Element>
					<Element index="38">
						<Transform rawdata="AACAv8bEGqWAU/ykMjENpWl2zz3hrn4/MjENpeGufj9pds+96LSBsyBPub0+Dn2/">(-1,-0.00000000000000013,-0.00000000000000011,-0.00000000000000012,0.10130006587728417,0.9948559175344226,-0.00000000000000012,0.9948559175344226,-0.10130006587728417,-0.00000006039937249,-0.09048294973858774,-0.98849856873873987)</Transform>
						<Name>mixamorig:Spine2</Name>
					</Element>
					<Element index="39">
						<Transform rawdata="AACAvzIxDaUyMQ2lMjENpWdnOSUAAIA/MjENpQAAgD9nZzml6LSBs7LqnzwI34q/">(-1,-0.00000000000000012,-0.00000000000000012,-0.00000000000000012,0.00000000000000016,1,-0.00000000000000012,1,-0.00000000000000016,-0.00000006039937248,0.01952109113335592,-1.08493137359619141)</Transform>
						<Name>mixamorig:Neck</Name>
					</Element>
					<Element index="40">
						<Transform rawdata="AACAvzIxDaUyMQ2lMjENpWdnOSUAAIA/MjENpQAAgD9nZzml6LSBs/z7XDxSiJe/">(-1,-0.00000000000000012,-0.00000000000000012,-0.00000000000000012,0.00000000000000016,1,-0.00000000000000012,1,-0.00000000000000016,-0.00000006039937247,0.0134878121316431,-1.18384766578674316)</Transform>
						<Name>mixamorig:Head</Name>
					</Element>
					<Element index="41">
						<Transform rawdata="AACAvzIxDaUyMQ2lMjENpWdnOSUAAIA/MjENpQAAgD9nZzml6LSBs7y6QbyB70a/">(-1,-0.00000000000000012,-0.00000000000000012,-0.00000000000000012,0.00000000000000016,1,-0.00000000000000012,1,-0.00000000000000016,-0.00000006039937252,-0.01182430610060704,-0.77709203958511353)</Transform>
						<Name>mixamorig:Hips</Name>
					</Element>
					<Element index="42">
						<Transform rawdata="HP9/Py86ci58B6u7pqmpu1EwAb54832/HJ4sulv0fT/eLwG+4AKXPVB8pT15+Dw/">(0.999986438453487,0.00000000005507611,-0.00521939796943515,-0.0051776942108094,-0.12616087677719898,-0.99199628258207895,-0.00065848391795706,0.99200979489660712,-0.12615915832064301,0.07373595478085204,0.08080351440133254,0.73816638031632775)</Transform>
						<Name>mixamorig:RightUpLeg</Name>
					</Element>
					<Element index="43">
						<Transform rawdata="AACAv8jEGqV9U/ykMjENpX92zz3hrn4/MjENpeGufj9/ds+96LSBszVPub3QclW/">(-1,-0.00000000000000013,-0.00000000000000011,-0.00000000000000012,0.10130023551321012,0.9948559601742698,-0.00000000000000012,0.9948559601742698,-0.10130023551321012,-0.00000006039937251,-0.09048310631789215,-0.83378315550882365)</Transform>
						<Name>mixamorig:Spine</Name>
					</Element>
					<Element index="44">
						<Transform rawdata="MZZEPXOvnj06734/Xv/lPaq3fb/O15I9aRV+Pxb+3T3IeWa9srnPvVZ0iD8CfPO9">(0.04799479674296688,0.07748307952562629,0.99583783322980879,0.11230348180759121,-0.99108372090372499,0.07170067465772544,0.99251419509218797,0.1083947902200704,-0.05626848470580295,-0.10142840203608938,1.0660502702156458,-0.11888886889458926)</Transform>
						<Name>mixamorig:LeftShoulder</Name>
					</Element>
					<Element index="45">
						<Transform rawdata="HP9/P1xOba2aF6s7ocmpO65t/L1mC36/ibQoOkkMfj/MbPy9HQSXvaaNoT3KBT0/">(0.99998642842331797,-0.00000000001348929,0.00522131961065079,0.0051815065276772,-0.12325606912779044,-0.99236143245420905,0.00064355930589579,0.99237495969641731,-0.12325438900199234,-0.07373831526571736,0.07888345253110446,0.73836956410694887)</Transform>
						<Name>mixamorig:LeftUpLeg</Name>
					</Element>
					<Element index="46">
						<Transform rawdata="0N5/P57WqzujjgC9blgBvaSTKz3EpX+/VoWAu5TFfz8KKyw9mkF0vWqGczx3h8c+">(0.99949358017591294,0.00524409013961476,-0.03138602728957232,-0.03157847315399868,0.04188884784658439,-0.99862311442732066,-0.00392214487213999,0.999108574257069,0.04203323235794166,-0.05963287626223492,0.01486358941649076,0.38970539273807853)</Transform>
						<Name>mixamorig:LeftLeg</Name>
					</Element>
					<Element index="47">
						<Transform rawdata="zd5/P+ZhrLvjkQA9SFIBPUuiIT1CrH+/4ZKDOwzMfz9+OyI9m0p0PTEjiDy8hsc+">(0.99949339547973759,-0.0052606937684739,0.0313891301800385,0.03157260936136705,0.03946141446627981,-0.99872216712478923,0.00401531200525961,0.99920724670580496,0.03960751696465706,0.05964146230156819,0.0166183421648251,0.38969981076569177)</Transform>
						<Name>mixamorig:RightLeg</Name>
					</Element>
					<Element index="48">
						<Transform rawdata="mcx/P602Ib0LAo87IloEPc4kPz/QFyq/14i7POb+KT/FUT8/qoh1PfRhOb3XMYU9">(0.99921567166220859,-0.03935878283933113,0.00436425714282565,0.03231251821781131,0.74665534345287266,-0.66442584189972809,0.02289239787277126,0.66404569444179007,0.74734145735094115,0.05994478622424387,-0.04525943184351701,0.06503646600298635)</Transform>
						<Name>mixamorig:RightFoot</Name>
					</Element>
					<Element index="49">
						<Transform rawdata="5zR/P+vCfr0XSkW9nUh8PTB9fz9Qd2S8uXJIPdUmMzyOrX8/lBFuPQHm/bsxa4K9">(0.99690098692863183,-0.06219760703091996,-0.04816636182976406,0.06159268765751813,0.99800395453545054,-0.01394446165922146,0.04893753464513226,0.0109345512587366,0.99874198548830384,0.05812223389308525,-0.00774836582005713,-0.06368101502463731)</Transform>
						<Name>mixamorig:RightToeBase</Name>
					</Element>
					<Element index="50">
						<Transform rawdata="Nct/P+pdIz0ka5G7h7YEvWiNPD/L9Sy/J/nBvIzbLD83uzw/lGl1vYPXOb1wI4Q9">(0.9991944422688408,0.03988448676076129,-0.00443782096201885,-0.03240063410874317,0.73653269759388496,-0.6756254763435332,-0.02367837512186226,0.67522500923092699,0.73723166064723711,-0.05991514096758232,-0.04537154545656336,0.06452071319090889)</Transform>
						<Name>mixamorig:LeftFoot</Name>
					</Element>
					<Element index="51">
						<Transform rawdata="eDh/P+nZeT1e8kY9elN3ve2Bfz/BYma8zRNKvQKiNTwqrH8/MCtuvex8+7tmv4C9">(0.99695536616758518,0.06099883240796514,0.04857098222726347,-0.06038234209784481,0.99807627128304888,-0.01406163093331088,-0.04933528790262606,0.01108598875115743,0.99872074686619694,-0.0581466546232639,-0.00767480400563475,-0.06286506495235589)</Transform>
						<Name>mixamorig:LeftToeBase</Name>
					</Element>
				</Bones>
			</Entity>
		</Root>
	</SSkinSkeletonData>
</Resource>
