<Root>
	<matrixlayout>column major</matrixlayout>
	<system />
	<node>
		<identifier>Scene Root</identifier>
		<transform>
			<row0>1.0 0.0 0.0</row0>
			<row1>0.0 1.0 0.0</row1>
			<row2>0.0 0.0 1.0</row2>
			<row3>0.0 0.0 0.0</row3>
		</transform>
		<node>
			<identifier>mixamorig:Hips</identifier>
			<transform>
				<row0>-1.0 -1.2246467991473532e-16 -1.2246468525851679e-16</row0>
				<row1>-1.224646852585168e-16 1.6081226496766364e-16 1.0</row1>
				<row2>-1.224646799147353e-16 1.0 -1.6081226496766366e-16</row2>
				<row3>-0.0011330445995554328 0.8045201897621155 0.01174261886626482</row3>
			</transform>
			<node>
				<identifier>mixamorig:Spine</identifier>
				<transform>
					<row0>1.0 -0.0 -0.0</row0>
					<row1>0.0 0.9903601968758784 0.1385159934591363</row1>
					<row2>0.0 -0.1385159934591363 0.9903601968758784</row2>
					<row3>0.0 -0.007488667964935303 0.05354240536689758</row3>
				</transform>
				<node>
					<identifier>mixamorig:Spine1</identifier>
					<transform>
						<row0>1.0 -0.0 -0.0</row0>
						<row1>0.0 0.9999999999999967 -8.204378332266032e-08</row1>
						<row2>0.0 8.204378332266032e-08 0.9999999999999967</row2>
						<row3>0.0 5.270494041198504e-10 0.06307414919137955</row3>
					</transform>
					<node>
						<identifier>mixamorig:Spine2</identifier>
						<transform>
							<row0>1.0 -0.0 -0.0</row0>
							<row1>0.0 1.0 -0.0</row1>
							<row2>0.0 0.0 1.0</row2>
							<row3>0.0 -4.699746702918617e-10 0.07208480685949326</row3>
						</transform>
						<node>
							<identifier>mixamorig:Neck</identifier>
							<transform>
								<row0>1.0 -0.0 -0.0</row0>
								<row1>0.0 0.9903602091407873 -0.1385159057675907</row1>
								<row2>0.0 0.1385159057675907 0.9903602091407873</row2>
								<row3>0.0 -1.0344399115069791e-08 0.08109530806541443</row3>
							</transform>
							<node>
								<identifier>mixamorig:Head</identifier>
								<transform>
									<row0>1.0 -0.0 -0.0</row0>
									<row1>0.0 1.0 -0.0</row1>
									<row2>0.0 0.0 1.0</row2>
									<row3>0.0 -0.20644913613796234 0.11815810948610306</row3>
								</transform>
								<node>
									<identifier>mixamorig:HeadTop_End</identifier>
									<transform>
										<row0>1.0 -0.0 -0.0</row0>
										<row1>0.0 1.0 -0.0</row1>
										<row2>0.0 0.0 1.0</row2>
										<row3>0.0 -0.33306884765625 0.19062697887420654</row3>
									</transform>
								</node>
							</node>
						</node>
						<node>
							<identifier>mixamorig:LeftShoulder</identifier>
							<transform>
								<row0>0.0005628538248053628 0.999816306742921 0.01915818275612727</row0>
								<row1>-0.22752199528127964 0.018783759739761232 -0.9735916971831561</row1>
								<row2>-0.9737727756965574 -0.003810918383227635 0.22749078709543064</row2>
								<row3>-0.03905300796031952 -0.001507612643763423 0.07982583343982697</row3>
							</transform>
							<node>
								<identifier>mixamorig:LeftArm</identifier>
								<transform>
									<row0>0.9987705393220717 0.04957106588537445 -7.608838419893315e-09</row0>
									<row1>-0.012331906024437152 0.24846625428116964 -0.9685620499365488</row1>
									<row2>-0.048012654162715614 0.9673712987356722 0.24877209534574077</row2>
									<row3>-1.1180142922562197e-10 5.700572236477797e-10 0.07466156780719757</row3>
								</transform>
								<node>
									<identifier>mixamorig:LeftForeArm</identifier>
									<transform>
										<row0>0.9855466940137001 -7.576419383441162e-09 -0.16940399617088797</row0>
										<row1>0.0021001526016843695 0.9999231510376766 0.012218075868701678</row1>
										<row2>0.16939097755699953 -0.012397258522901525 0.9854709557888555</row2>
										<row3>3.627727007682324e-10 -7.738134577550682e-10 0.20202626287937164</row3>
									</transform>
									<node>
										<identifier>mixamorig:LeftHand</identifier>
										<transform>
											<row0>0.9848777300559131 -0.13177069446875703 0.11248209506338076</row0>
											<row1>0.12706137771215353 0.9907284860712018 0.048088181302205595</row1>
											<row2>-0.1177758358181782 -0.033068850847787976 0.9924894476018051</row2>
											<row3>3.803272280444858e-11 -2.080312588859101e-09 0.15189142525196075</row3>
										</transform>
										<node>
											<identifier>mixamorig:LeftHandThumb1</identifier>
											<transform>
												<row0>0.8922711760892966 -1.2048272804494189e-08 -0.45149988739779684</row0>
												<row1>-0.21759788752653605 0.876201734029001 -0.4300252092942466</row1>
												<row2>0.3956049894329094 0.48194452096125284 0.7818095490918592</row2>
												<row3>0.014696009457111359 0.01379711739718914 0.020676104351878166</row3>
											</transform>
											<node>
												<identifier>mixamorig:LeftHandThumb2</identifier>
												<transform>
													<row0>1.0 1.3877787807814457e-17 -0.0</row0>
													<row1>-1.3864778745101045e-17 0.9990625982401831 -0.043288853040645225</row1>
													<row2>-6.007535169417381e-19 0.043288853040645225 0.9990625982401831</row2>
													<row3>0.0030220062471926212 2.082742832365536e-12 0.022902490571141243</row3>
												</transform>
												<node>
													<identifier>mixamorig:LeftHandThumb3</identifier>
													<transform>
														<row0>1.0 2.7755575615628914e-17 1.1102230246251565e-16</row0>
														<row1>-2.4952453015555718e-17 0.9996832083792868 -0.025169085889148634</row1>
														<row2>-1.1168571399395576e-16 0.025169085889148634 0.9996832083792868</row2>
														<row3>-0.001134268008172512 1.476308797432324e-10 0.018278058618307114</row3>
													</transform>
													<node>
														<identifier>mixamorig:LeftHandThumb4</identifier>
														<transform>
															<row0>1.0 -1.5612511283791264e-16 -5.551115123125783e-17</row0>
															<row1>1.5612511227751113e-16 1.0 -1.0095296154588596e-08</row1>
															<row2>5.551115280738708e-17 1.0095296154588596e-08 1.0</row2>
															<row3>-0.0018877405673265457 -1.0188145466161203e-10 0.015252233482897282</row3>
														</transform>
													</node>
												</node>
											</node>
										</node>
										<node>
											<identifier>mixamorig:LeftHandIndex1</identifier>
											<transform>
												<row0>0.9997383849107079 2.0678823773368966e-08 0.022872729092282548</row0>
												<row1>0.0026461651096086774 0.9932851070755371 -0.11566146576481523</row1>
												<row2>-0.022719144911447255 0.11569173889357202 0.9930253078377581</row2>
												<row3>0.02399643138051033 -0.0001598429516889155 0.06788169592618942</row3>
											</transform>
											<node>
												<identifier>mixamorig:LeftHandIndex2</identifier>
												<transform>
													<row0>1.0 4.163336342344337e-17 -2.7755575615628914e-17</row0>
													<row1>-4.6597224377230217e-17 0.9769665855985189 -0.2133920603365687</row1>
													<row2>1.8232040740852767e-17 0.2133920603365687 0.9769665855985189</row2>
													<row3>-0.0006337498780339956 -4.5057824138439173e-10 0.01700308732688427</row3>
												</transform>
												<node>
													<identifier>mixamorig:LeftHandIndex3</identifier>
													<transform>
														<row0>1.0 -6.938893903907228e-18 -5.551115123125783e-17</row0>
														<row1>-1.8564861169101822e-18 0.9876152279143814 -0.15689538422663846</row1>
														<row2>5.591233870020979e-17 0.15689538422663846 0.9876152279143814</row2>
														<row3>8.496322698192671e-05 -4.7057611279877065e-11 0.015934543684124947</row3>
													</transform>
													<node>
														<identifier>mixamorig:LeftHandIndex4</identifier>
														<transform>
															<row0>1.0 1.7650811368064017e-16 2.7755575615628914e-16</row0>
															<row1>-1.7650811230143213e-16 1.0 -4.969120670494931e-09</row1>
															<row2>-2.7755575703337925e-16 4.969120670494931e-09 1.0</row2>
															<row3>0.000548787007573992 -8.009216206916747e-11 0.01478993333876133</row3>
														</transform>
													</node>
												</node>
											</node>
										</node>
										<node>
											<identifier>mixamorig:LeftHandMiddle1</identifier>
											<transform>
												<row0>0.9861551804210956 1.3654395525787792e-09 0.16582472951689167</row0>
												<row1>0.024544595628315142 0.9889850725890914 -0.14596605434618048</row1>
												<row2>-0.16399819213269137 0.14801529041267872 0.9752928107913331</row2>
												<row3>0.008188641630113125 -0.0010342035675421357 0.06867745518684387</row3>
											</transform>
											<node>
												<identifier>mixamorig:LeftHandMiddle2</identifier>
												<transform>
													<row0>1.0 6.591949208711867e-17 1.3877787807814457e-17</row0>
													<row1>-5.751094806943654e-17 0.9426890615940968 -0.33367249384814607</row1>
													<row2>-3.507796008346262e-17 0.33367249384814607 0.9426890615940968</row2>
													<row3>-0.0005243378691375256 2.778176577677982e-10 0.017153719440102577</row3>
												</transform>
												<node>
													<identifier>mixamorig:LeftHandMiddle3</identifier>
													<transform>
														<row0>1.0 3.144186300207963e-17 1.3877787807814457e-17</row0>
														<row1>-3.1720565387494576e-17 0.9997885878740942 0.02056160394338742</row1>
														<row2>-1.322835874090013e-17 -0.02056160394338742 0.9997885878740942</row2>
														<row3>0.0002976622781716287 -2.910461108229789e-11 0.016760772094130516</row3>
													</transform>
													<node>
														<identifier>mixamorig:LeftHandMiddle4</identifier>
														<transform>
															<row0>1.0 -1.3877787807814457e-17 -2.7755575615628914e-17</row0>
															<row1>1.3877789392165632e-17 0.9999999999999983 5.708226780143369e-08</row1>
															<row2>2.7755574823453267e-17 -5.708226780143369e-08 0.9999999999999983</row2>
															<row3>0.00022667560551781207 3.481119559278767e-11 0.01530666183680296</row3>
														</transform>
													</node>
												</node>
											</node>
										</node>
										<node>
											<identifier>mixamorig:LeftHandRing1</identifier>
											<transform>
												<row0>0.9777430781338398 1.052415209725939e-08 0.2098057986838399</row0>
												<row1>0.08672921496383659 0.9105592484168467 -0.4041780528360042</row1>
												<row2>-0.19104061461668478 0.41337858570872665 0.890293001457572</row2>
												<row3>-0.010030382312834263 -0.0035317165311425924 0.07393388450145721</row3>
											</transform>
											<node>
												<identifier>mixamorig:LeftHandRing2</identifier>
												<transform>
													<row0>1.0 3.209238430557093e-17 -1.3877787807814457e-17</row0>
													<row1>-3.479983360965234e-17 0.9520069521063372 -0.30607620608586383</row1>
													<row2>3.389035240397258e-18 0.30607620608586383 0.9520069521063372</row2>
													<row3>-0.000580766994971782 -1.5699760935738993e-10 0.014209183864295483</row3>
												</transform>
												<node>
													<identifier>mixamorig:LeftHandRing3</identifier>
													<transform>
														<row0>1.0 1.214306433183765e-17 -2.0816681711721685e-17</row0>
														<row1>-1.676415450523045e-17 0.971049730819047 -0.23887741684022024</row1>
														<row2>1.731332933259913e-17 0.23887741684022024 0.971049730819047</row2>
														<row3>-8.895338396541774e-05 -2.2476495664669471e-10 0.01430323626846075</row3>
													</transform>
													<node>
														<identifier>mixamorig:LeftHandRing4</identifier>
														<transform>
															<row0>1.0 -9.020562075079398e-17 -6.245004513516507e-17</row0>
															<row1>9.02056198188645e-17 0.9999999999999999 -1.492279899650839e-08</row1>
															<row2>6.24500464812854e-17 1.492279899650839e-08 0.9999999999999999</row2>
															<row3>0.0006697202916257083 5.893440180315679e-10 0.012533960863947868</row3>
														</transform>
													</node>
												</node>
											</node>
										</node>
										<node>
											<identifier>mixamorig:LeftHandPinky1</identifier>
											<transform>
												<row0>0.9833727406027352 1.154561859767478e-08 0.181598604178186</row0>
												<row1>0.08869919594291371 0.87259999881615 -0.4803141625073483</row1>
												<row2>-0.15846294733642372 0.4884355045101192 0.8580910512616939</row2>
												<row3>-0.022154690697789192 -0.001923694391734898 0.06184061989188194</row3>
											</transform>
											<node>
												<identifier>mixamorig:LeftHandPinky2</identifier>
												<transform>
													<row0>1.0 -6.722053469410127e-17 -8.326672684688674e-17</row0>
													<row1>1.6943727896753184e-17 0.8677347161014741 -0.49702762747386</row1>
													<row2>1.0566389245771571e-16 0.49702762747386 0.8677347161014741</row2>
													<row3>-0.001095418818295002 -1.5250663579213786e-11 0.014623329043388367</row3>
												</transform>
												<node>
													<identifier>mixamorig:LeftHandPinky3</identifier>
													<transform>
														<row0>1.0 1.3877787807814457e-17 -3.469446951953614e-17</row0>
														<row1>-2.2917170682279935e-17 0.9611318655541234 -0.27608972638700324</row1>
														<row2>2.951444557500606e-17 0.27608972638700324 0.9611318655541234</row2>
														<row3>-5.3590476454701275e-05 -1.0947090456348008e-10 0.010950781404972076</row3>
													</transform>
													<node>
														<identifier>mixamorig:LeftHandPinky4</identifier>
														<transform>
															<row0>1.0 -0.0 7.632783294297951e-17</row0>
															<row1>-6.3514790164185445e-24 0.9999999999999966 8.321314481918278e-08</row1>
															<row2>-7.632783294297925e-17 -8.321314481918278e-08 0.9999999999999966</row2>
															<row3>0.0011490090982988477 -1.651915965128481e-10 0.009187397547066212</row3>
														</transform>
													</node>
												</node>
											</node>
										</node>
									</node>
								</node>
							</node>
						</node>
						<node>
							<identifier>mixamorig:RightShoulder</identifier>
							<transform>
								<row0>0.07254544761351031 -0.9971261183644815 -0.021832592744275358</row0>
								<row1>0.21564747698131947 0.037054275883764635 -0.9757679166180014</row1>
								<row2>0.9737726660367093 0.06607937673669168 0.2177158506874592</row2>
								<row3>0.03905300796031952 0.0011014455230906606 0.07946091890335083</row3>
							</transform>
							<node>
								<identifier>mixamorig:RightArm</identifier>
								<transform>
									<row0>0.9917001014563273 -0.12857258172530509 6.317709133618621e-10</row0>
									<row1>0.032732777734372026 0.2524729452701123 -0.9670501420135499</row1>
									<row2>0.12433613325699996 0.9590237239688727 0.25458598317969694</row2>
									<row3>6.56449825053862e-11 5.895419707968585e-10 0.07466156035661697</row3>
								</transform>
								<node>
									<identifier>mixamorig:RightForeArm</identifier>
									<transform>
										<row0>0.976166524787069 -6.757579235718243e-09 0.21702284645893066</row0>
										<row1>-0.0059771337332213586 0.9996206602286806 0.02688511700387371</row1>
										<row2>-0.21694050831299946 -0.027541524169011667 0.9757961677984082</row2>
										<row3>2.525374909190248e-10 1.4420183935826003e-09 0.20143073797225952</row3>
									</transform>
									<node>
										<identifier>mixamorig:RightHand</identifier>
										<transform>
											<row0>0.9665964968027331 0.2148496834669179 -0.13975273121785212</row0>
											<row1>-0.21292882518602604 0.9766451146352628 0.028733873111244583</row1>
											<row2>0.14266228574357975 0.0019833237858524547 0.989769437118149</row2>
											<row3>-6.140898900497405e-10 1.921600656373812e-09 0.15227116644382477</row3>
										</transform>
										<node>
											<identifier>mixamorig:RightHandThumb1</identifier>
											<transform>
												<row0>0.9110748065194778 -3.2711859504727624e-08 0.4122410665199368</row0>
												<row1>0.19890799816728227 0.8758937550180625 -0.4395972454252219</row1>
												<row2>-0.36107936134675506 0.48250402062610553 0.7980047398913507</row2>
												<row3>-0.014337225817143917 0.01362546719610691 0.020661311224102974</row3>
											</transform>
											<node>
												<identifier>mixamorig:RightHandThumb2</identifier>
												<transform>
													<row0>1.0 -1.0408340855860843e-17 -5.551115123125783e-17</row0>
													<row1>9.093947689396565e-18 0.9997208749891539 -0.023625666359293727</row1>
													<row2>5.574156066898269e-17 0.023625666359293727 0.9997208749891539</row2>
													<row3>-0.003635856555774808 -1.1562093296668685e-11 0.02259126305580139</row3>
												</transform>
												<node>
													<identifier>mixamorig:RightHandThumb3</identifier>
													<transform>
														<row0>1.0 5.898059818321144e-17 1.6653345369377348e-16</row0>
														<row1>-1.1417711069811478e-16 0.9350801034526494 0.35443645428621273</row1>
														<row2>-1.348172450165634e-16 -0.35443645428621273 0.9350801034526494</row2>
														<row3>-0.00014943096903152764 3.581348412273755e-11 0.01810840331017971</row3>
													</transform>
													<node>
														<identifier>mixamorig:RightHandThumb4</identifier>
														<transform>
															<row0>1.0 2.7755575615628914e-17 -1.1102230246251565e-16</row0>
															<row1>-2.7755571799241718e-17 0.9999999999999994 3.437495976754688e-08</row1>
															<row2>1.1102230341661238e-16 -3.437495976754688e-08 0.9999999999999994</row2>
															<row3>0.003785287495702505 -1.5046694445963738e-10 0.012649697251617908</row3>
														</transform>
													</node>
												</node>
											</node>
										</node>
										<node>
											<identifier>mixamorig:RightHandIndex1</identifier>
											<transform>
												<row0>0.9977450644539554 -3.042667167141423e-08 0.06711681718083337</row0>
												<row1>0.004004447130303402 0.9982184936832955 -0.059528850673831235</row1>
												<row2>-0.06699725432249867 0.05966338981081662 0.9959676941696096</row2>
												<row3>-0.022697532549500465 0.0004231626517139375 0.06596533954143524</row3>
											</transform>
											<node>
												<identifier>mixamorig:RightHandIndex2</identifier>
												<transform>
													<row0>1.0 2.7755575615628914e-17 -0.0</row0>
													<row1>-2.688649124581746e-17 0.9686879356477089 -0.2482814599010164</row1>
													<row2>-6.891194834241399e-18 0.2482814599010164 0.9686879356477089</row2>
													<row3>0.0005292703863233328 4.548356136169218e-10 0.016691824421286583</row3>
												</transform>
												<node>
													<identifier>mixamorig:RightHandIndex3</identifier>
													<transform>
														<row0>1.0 -0.0 -0.0</row0>
														<row1>0.0 0.9996437486272233 0.026690369621134476</row1>
														<row2>0.0 -0.026690369621134476 0.9996437486272233</row2>
														<row3>-0.0003096515720244497 2.3128193804566877e-10 0.015661899000406265</row3>
													</transform>
													<node>
														<identifier>mixamorig:RightHandIndex4</identifier>
														<transform>
															<row0>1.0 2.0816681711721685e-17 1.6653345369377348e-16</row0>
															<row1>-2.0816688871104148e-17 0.9999999999999991 4.299065636814699e-08</row1>
															<row2>-1.6653345279885052e-16 -4.299065636814699e-08 0.9999999999999991</row2>
															<row3>-0.0002196188288507983 -3.7300537658602195e-10 0.01459966879338026</row3>
														</transform>
													</node>
												</node>
											</node>
										</node>
										<node>
											<identifier>mixamorig:RightHandMiddle1</identifier>
											<transform>
												<row0>0.9965524318384448 1.6185679170958817e-09 -0.08296463938085773</row0>
												<row1>-0.015404824273017873 0.9826103869099991 -0.18503923617897733</row1>
												<row2>0.08152192096145973 0.18567936755757738 0.9792228290160374</row2>
												<row3>-0.007298916112631559 -0.0010111291194334626 0.07000307738780975</row3>
											</transform>
											<node>
												<identifier>mixamorig:RightHandMiddle2</identifier>
												<transform>
													<row0>1.0 -4.163336342344337e-17 -0.0</row0>
													<row1>4.022479547624362e-17 0.9661673275619477 -0.2579160622214213</row1>
													<row2>1.0737913151207866e-17 0.2579160622214213 0.9661673275619477</row2>
													<row3>0.0006274267216213048 1.3675283128122828e-10 0.015886276960372925</row3>
												</transform>
												<node>
													<identifier>mixamorig:RightHandMiddle3</identifier>
													<transform>
														<row0>1.0 -2.42861286636753e-17 5.551115123125783e-17</row0>
														<row1>3.9230326559144803e-17 0.9577177478769766 -0.28770922159737244</row1>
														<row2>-4.6176671565818843e-17 0.28770922159737244 0.9577177478769766</row2>
														<row3>-1.71446954482235e-05 -5.296534738574721e-11 0.015911675989627838</row3>
													</transform>
													<node>
														<identifier>mixamorig:RightHandMiddle4</identifier>
														<transform>
															<row0>1.0 -0.0 8.326672684688674e-17</row0>
															<row1>3.2618207250921925e-24 0.9999999999999992 -3.9173158938865493e-08</row1>
															<row2>-8.326672684688668e-17 3.9173158938865493e-08 0.9999999999999992</row2>
															<row3>-0.000610281596891582 3.99450250654354e-10 0.012923362664878368</row3>
														</transform>
													</node>
												</node>
											</node>
										</node>
										<node>
											<identifier>mixamorig:RightHandRing1</identifier>
											<transform>
												<row0>0.976290794147516 -2.183729401558168e-08 -0.21646312679718024</row0>
												<row1>-0.07910147845372237 0.9308399516687802 -0.3567631433930618</row1>
												<row2>0.20149253427670194 0.36542712594614896 0.9087704739115865</row2>
												<row3>0.009515268728137016 -0.003791609313338995 0.07118432968854904</row3>
											</transform>
											<node>
												<identifier>mixamorig:RightHandRing2</identifier>
												<transform>
													<row0>1.0 1.3010426069826053e-17 5.724587470723463e-17</row0>
													<row1>7.892957595160562e-18 0.9364821611089453 -0.35071504489461724</row1>
													<row2>-5.817269262358015e-17 0.35071504489461724 0.9364821611089453</row2>
													<row3>0.0004955345648340881 1.2043343752821123e-11 0.01519597414880991</row3>
												</transform>
												<node>
													<identifier>mixamorig:RightHandRing3</identifier>
													<transform>
														<row0>1.0 1.214306433183765e-17 2.0816681711721685e-17</row0>
														<row1>-8.999875720368124e-18 0.989454746853445 -0.14484234163111595</row1>
														<row2>-2.2355994405800964e-17 0.14484234163111595 0.989454746853445</row2>
														<row3>-8.165989129338413e-05 4.258617902763717e-10 0.01447784062474966</row3>
													</transform>
													<node>
														<identifier>mixamorig:RightHandRing4</identifier>
														<transform>
															<row0>1.0 -3.2959746043559335e-17 -6.245004513516507e-17</row0>
															<row1>3.295974454325929e-17 0.9999999999999997 -2.4024002343026034e-08</row1>
															<row2>6.245004592699006e-17 2.4024002343026034e-08 0.9999999999999997</row2>
															<row3>-0.00041387471719644964 8.654623892545565e-12 0.012573305517435074</row3>
														</transform>
													</node>
												</node>
											</node>
										</node>
										<node>
											<identifier>mixamorig:RightHandPinky1</identifier>
											<transform>
												<row0>0.938547112203144 -2.1148517991843815e-09 -0.3451511526492979</row0>
												<row1>-0.1017239141887371 0.9555827896232258 -0.276611238849791</row1>
												<row2>0.3298205018752797 0.2947228056596463 0.896859467456772</row2>
												<row3>0.020481185987591743 -0.00031520711490884423 0.059670496731996536</row3>
											</transform>
											<node>
												<identifier>mixamorig:RightHandPinky2</identifier>
												<transform>
													<row0>1.0 3.1225022567582534e-17 2.7755575615628914e-17</row0>
													<row1>-6.282694430943386e-18 0.7692068829730206 -0.6389998209600138</row1>
													<row2>-4.130256363457753e-17 0.6389998209600138 0.7692068829730206</row2>
													<row3>0.0003226099943276495 4.042797763226247e-10 0.014967437833547592</row3>
												</transform>
												<node>
													<identifier>mixamorig:RightHandPinky3</identifier>
													<transform>
														<row0>1.0 -1.2490009027033014e-16 -1.3877787807814457e-17</row0>
														<row1>1.23431836734459e-16 0.996935942022671 -0.07822229543659258</row1>
														<row2>2.360523722255709e-17 0.07822229543659258 0.996935942022671</row2>
														<row3>-0.0002446255530230701 1.240114122502689e-10 0.011576359160244465</row3>
													</transform>
													<node>
														<identifier>mixamorig:RightHandPinky4</identifier>
														<transform>
															<row0>1.0 -2.3592239273284576e-16 8.326672684688674e-17</row0>
															<row1>2.3592239155374853e-16 0.9999999999999999 1.4160484340663969e-08</row1>
															<row2>-8.326673018766208e-17 -1.4160484340663969e-08 0.9999999999999999</row2>
															<row3>-7.798453589202836e-05 1.8751915298320654e-10 0.011089548468589783</row3>
														</transform>
													</node>
												</node>
											</node>
										</node>
									</node>
								</node>
							</node>
						</node>
					</node>
				</node>
			</node>
			<node>
				<identifier>mixamorig:LeftUpLeg</identifier>
				<transform>
					<row0>-0.999934382945697 -0.001159695568064613 -0.011396706067871435</row0>
					<row1>-2.8760397058694154e-11 0.9948626103535847 -0.10123431493545733</row1>
					<row2>0.011455557734481822 -0.1012276722375891 -0.9947973303996905</row2>
					<row3>-0.07059979438781738 0.0004558908985927701 -0.029576491564512253</row3>
				</transform>
				<node>
					<identifier>mixamorig:LeftLeg</identifier>
					<transform>
						<row0>0.9994930843500334 1.6611402698193785e-10 -0.03183480999112624</row0>
						<row1>-0.003983002924335891 0.9921422247060577 -0.12505127921670073</row1>
						<row2>0.03158466295210297 0.12511470182234205 0.9916394104986492</row2>
						<row3>-2.3054709530345718e-10 -9.064383688084376e-10 0.3562900424003601</row3>
					</transform>
					<node>
						<identifier>mixamorig:LeftFoot</identifier>
						<transform>
							<row0>0.9950551122352085 0.09932433546003047 -7.876800878214851e-10</row0>
							<row1>-0.06674888826017152 0.668706431393462 -0.7405243375670054</row1>
							<row2>-0.07355208719409534 0.7368625278832167 0.6720295421117645</row2>
							<row3>-3.656185909584053e-10 -2.0299567582426903e-10 0.34697821736335754</row3>
						</transform>
						<node>
							<identifier>mixamorig:LeftToeBase</identifier>
							<transform>
								<row0>0.9547212187027864 -0.2975019236217916 7.190534834222718e-10</row0>
								<row1>0.2162676315775534 0.6940301218166386 -0.6866952616217264</row1>
								<row2>0.2042931729522103 0.6556025762853901 0.7269453634579958</row2>
								<row3>-8.435650095117708e-11 2.8397484364006687e-09 0.10543320327997208</row3>
							</transform>
							<node>
								<identifier>mixamorig:LeftToe_End</identifier>
								<transform>
									<row0>1.0 -1.1102230246251565e-16 -4.2500725161431774e-17</row0>
									<row1>1.1102230238024301e-16 1.0 -1.935793969565225e-09</row1>
									<row2>4.250072537634808e-17 1.935793969565225e-09 1.0</row2>
									<row3>1.6652450252063744e-10 5.968523592025932e-11 0.046185754239559174</row3>
								</transform>
							</node>
						</node>
					</node>
				</node>
			</node>
			<node>
				<identifier>mixamorig:RightUpLeg</identifier>
				<transform>
					<row0>-0.999934403239673 0.0012252511703545325 0.011382827768290875</row0>
					<row1>3.642878012840538e-11 0.9942565832167757 -0.10702208893876435</row1>
					<row2>-0.011448581066360536 -0.10701507501462741 -0.9941914224644541</row2>
					<row3>0.07059980183839798 0.0026632035151124 -0.029576491564512253</row3>
				</transform>
				<node>
					<identifier>mixamorig:RightLeg</identifier>
					<transform>
						<row0>0.9994924543415786 3.3574767559103195e-11 0.03185645482861073</row0>
						<row1>0.004360202801951107 0.9905889754835926 -0.13680084167099354</row1>
						<row2>-0.031556652955805904 0.136870309601339 0.9900862063496595</row2>
						<row3>6.294156168484832e-11 -1.1248461051494019e-09 0.35650718212127686</row3>
					</transform>
					<node>
						<identifier>mixamorig:RightFoot</identifier>
						<transform>
							<row0>0.994321043470166 -0.10642209597823282 6.116429029923154e-10</row0>
							<row1>0.07435372719668748 0.6947004237694272 -0.7154458227268176</row1>
							<row2>0.07613924812680338 0.7113828794473024 0.6986681713975168</row2>
							<row3>2.65172050983864e-10 -7.943203317317682e-10 0.34703493118286133</row3>
						</transform>
						<node>
							<identifier>mixamorig:RightToeBase</identifier>
							<transform>
								<row0>0.9526378696474431 0.3041068399498682 1.9733004587881947e-08</row0>
								<row1>-0.21415489117328132 0.6708565757541275 -0.7099923502080897</row1>
								<row2>-0.21591355611782898 0.67636563605683 0.7042093883540556</row2>
								<row3>2.215507725195076e-12 -2.8507923799381274e-10 0.10187653452157974</row3>
							</transform>
							<node>
								<identifier>mixamorig:RightToe_End</identifier>
								<transform>
									<row0>1.0 -3.885780586188048e-16 -1.734723475976807e-18</row0>
									<row1>3.8857805861625406e-16 1.0 -1.4704101269913394e-09</row1>
									<row2>1.7347240473459196e-18 1.4704101269913394e-09 1.0</row2>
									<row3>-1.8957495295790494e-10 8.086250419259144e-11 0.044227179139852524</row3>
								</transform>
							</node>
						</node>
					</node>
				</node>
			</node>
		</node>
	</node>
	<anim>
		<name>&#32553;&#23567;- max1</name>
		<res>/&#32553;&#23567;- max1.anim</res>
		<durationMS>33</durationMS>
		<_ModifyTime>1734015514</_ModifyTime>
		<motion>
			<trans />
		</motion>
	</anim>
	<anim>
		<name>idle1</name>
		<res>/idle1.anim</res>
		<durationMS>1966</durationMS>
		<_ModifyTime>1734015877</_ModifyTime>
		<motion>
			<trans />
		</motion>
	</anim>
	<anim>
		<name>die</name>
		<res>/die.anim</res>
		<durationMS>3900</durationMS>
		<_ModifyTime>1734015894</_ModifyTime>
		<motion>
			<trans />
		</motion>
	</anim>
	<anim>
		<name>walk</name>
		<res>/walk.anim</res>
		<durationMS>700</durationMS>
		<_ModifyTime>1734015900</_ModifyTime>
		<motion>
			<trans />
		</motion>
	</anim>
</Root>