<?xml version="1.0" encoding="utf-8"?>
<Resource>
	<Version>1</Version>
	<SSkinSkeletonData>
		<Root>
			<Sub/>
			<Entity type="SSkinSkeletonData">
				<Bones count="5" ordered="true">
					<Element index="0">
						<Transform rawdata="AACAv3NjH6UojPCkMjENpR3XDT4/iH0/MjENpT+IfT8d1w2+q4KUujUL/L0R/3u/">(-1,-0.00000000000000014,-0.0000000000000001,-0.00000000000000012,0.13851590576759068,0.99036020914078726,-0.00000000000000012,0.99036020914078726,-0.13851590576759068,-0.00113304459955531,-0.12306825334902809,-0.9843607445712278)</Transform>
						<Name>mixamorig:Spine2</Name>
					</Element>
					<Element index="1">
						<Transform rawdata="AACAvzIxDaUyMQ2lMjENpWdnOSUAAIA/MjENpQAAgD9nZzmlq4KUulGK0jzoPom/">(-1,-0.00000000000000012,-0.00000000000000012,-0.00000000000000012,0.00000000000000016,1,-0.00000000000000012,1,-0.00000000000000016,-0.0011330445995553,0.02570072002708895,-1.07223224639892578)</Transform>
						<Name>mixamorig:Neck</Name>
					</Element>
					<Element index="2">
						<Transform rawdata="AACAvzIxDaUyMQ2lMjENpWdnOSUAAIA/MjENpQAAgD9nZzmlq4KUurG4bT62Xpi/">(-1,-0.00000000000000012,-0.00000000000000012,-0.00000000000000012,0.00000000000000016,1,-0.00000000000000012,1,-0.00000000000000016,-0.00113304459955532,0.23214985430240612,-1.19039034843444824)</Transform>
						<Name>mixamorig:Head</Name>
					</Element>
					<Element index="3">
						<Transform rawdata="tZKUvbLSXL4sSXm/35Ijvh4Tdr8nKmY+hwd8vyX7Lz5NhxA9HZUTPt0rgz9F0o6+">(-0.07254544698770309,-0.21564749389716867,-0.97377278411298074,-0.15973995743164815,-0.9612292282280217,0.22477017810944402,-0.98448986999414545,0.17185647612276025,0.03528528252407136,0.14412351317326733,1.02477610349259818,-0.27894798967108148)</Transform>
						<Name>mixamorig:RightShoulder</Name>
					</Element>
					<Element index="4">
						<Transform rawdata="2xw1vauGYj9Sb+2+JKYOvc447r5DbWK/HJh/v7UTvLw3flI9B/82PML7Gj9ZImk/">(-0.04421697140545959,0.88486734375251819,-0.46373994516301553,-0.03482641245122615,-0.46527712720665543,-0.88447970112425978,-0.9984147336831054,-0.02295861642140483,0.0513898974443804,0.01116920201507958,0.60540401849172409,0.91068037524018519)</Transform>
						<Name>mixamorig:RightArm</Name>
					</Element>
				</Bones>
			</Entity>
		</Root>
	</SSkinSkeletonData>
</Resource>
