<Root>
	<matrixlayout>column major</matrixlayout>
	<system />
	<node>
		<identifier>Scene Root</identifier>
		<transform>
			<row0>1.0 0.0 0.0</row0>
			<row1>0.0 1.0 0.0</row1>
			<row2>0.0 0.0 1.0</row2>
			<row3>0.0 0.0 0.0</row3>
		</transform>
		<node>
			<identifier>mixamorig:Hips</identifier>
			<transform>
				<row0>-1.0 -1.2246467991473532e-16 -1.2246468525851679e-16</row0>
				<row1>-1.224646852585168e-16 1.6081226496766364e-16 1.0</row1>
				<row2>-1.224646799147353e-16 1.0 -1.6081226496766366e-16</row2>
				<row3>-6.039937261448358e-08 0.7770920395851135 0.011824306100606918</row3>
			</transform>
			<node>
				<identifier>mixamorig:Spine</identifier>
				<transform>
					<row0>1.0 -0.0 -0.0</row0>
					<row1>0.0 0.9948558415782012 0.10130022343728148</row1>
					<row2>0.0 -0.10130022343728148 0.9948558415782012</row2>
					<row3>0.0 -0.0062690796330571175 0.061567917466163635</row3>
				</transform>
				<node>
					<identifier>mixamorig:Spine1</identifier>
					<transform>
						<row0>1.0 -0.0 -0.0</row0>
						<row1>0.0 0.9999999999999869 -1.6169529715170724e-07</row1>
						<row2>0.0 1.6169529715170724e-07 0.9999999999999869</row2>
						<row3>0.0 -2.911247354298041e-10 0.0722004771232605</row3>
					</transform>
					<node>
						<identifier>mixamorig:Spine2</identifier>
						<transform>
							<row0>1.0 -0.0 -0.0</row0>
							<row1>0.0 1.0 -1.3877787807814457e-17</row1>
							<row2>0.0 1.3877787807814457e-17 1.0</row2>
							<row3>0.0 1.7550515207798156e-10 0.08251499384641647</row3>
						</transform>
						<node>
							<identifier>mixamorig:Neck</identifier>
							<transform>
								<row0>1.0 -0.0 -0.0</row0>
								<row1>0.0 0.9948559175344226 -0.10130006587728423</row1>
								<row2>0.0 0.10130006587728423 0.9948559175344226</row2>
								<row3>0.0 -6.125289608860385e-09 0.09282927960157394</row3>
							</transform>
							<node>
								<identifier>mixamorig:Head</identifier>
								<transform>
									<row0>1.0 -0.0 -0.0</row0>
									<row1>0.0 1.0 -0.0</row1>
									<row2>0.0 0.0 1.0</row2>
									<row3>0.0 0.006033278536051512 0.09891632199287415</row3>
								</transform>
								<node>
									<identifier>mixamorig:HeadTop_End</identifier>
									<transform>
										<row0>1.0 -0.0 -0.0</row0>
										<row1>0.0 1.0 -0.0</row1>
										<row2>0.0 0.0 1.0</row2>
										<row3>0.0 0.010376347228884697 0.1701214611530304</row3>
									</transform>
								</node>
							</node>
						</node>
						<node>
							<identifier>mixamorig:LeftShoulder</identifier>
							<transform>
								<row0>-0.04799479671633149 0.9987849703383304 0.011184029435693842</row0>
								<row1>-0.07748304380530002 0.007440352690814521 -0.996965846890061</row1>
								<row2>-0.9958377169379239 -0.04871574579729938 0.0770318013939067</row2>
								<row3>-0.04066125676035881 -0.0029013322200626135 0.08460983633995056</row3>
							</transform>
							<node>
								<identifier>mixamorig:LeftArm</identifier>
								<transform>
									<row0>0.9999758377306407 0.006951543346873114 1.5408437858965844e-09</row0>
									<row1>-0.002739515232522165 0.3940780225440465 -0.9190729063594818</row1>
									<row2>-0.006388975754707264 0.9190506994681363 0.39408754458360545</row2>
									<row3>-1.100298324674398e-10 -2.138736410195463e-10 0.07299894839525223</row3>
								</transform>
								<node>
									<identifier>mixamorig:LeftForeArm</identifier>
									<transform>
										<row0>0.9828625110508644 -3.611307009220913e-11 -0.184340132284832</row0>
										<row1>0.003579677925220468 0.9998114358788283 0.019086083722631538</row1>
										<row2>0.18430537234910177 -0.0194188744760249 0.9826771784453647</row2>
										<row3>2.849479541211508e-10 -7.487103159675712e-10 0.18367166817188263</row3>
									</transform>
									<node>
										<identifier>mixamorig:LeftHand</identifier>
										<transform>
											<row0>0.9908197317904139 -0.08286746420496822 0.10681405558731752</row0>
											<row1>0.08223153583357824 0.9965594876836832 0.010351909103436092</row1>
											<row2>-0.10730439697059568 -0.0014733919618269732 0.994225123152148</row2>
											<row3>-1.4009410298498892e-09 -1.5793876206871005e-09 0.16467882692813873</row3>
										</transform>
										<node>
											<identifier>mixamorig:LeftHandThumb1</identifier>
											<transform>
												<row0>0.903991273429287 1.1716804304676387e-08 -0.4275509064002741</row0>
												<row1>-0.19082033798344655 0.8948783211344551 -0.4034605172448257</row1>
												<row2>0.38260600978662723 0.44631016862485734 0.8089621471044988</row2>
												<row3>0.013305583037436008 0.011815446428954601 0.01991373673081398</row3>
											</transform>
											<node>
												<identifier>mixamorig:LeftHandThumb2</identifier>
												<transform>
													<row0>1.0 2.7755575615628914e-17 1.6653345369377348e-16</row0>
													<row1>4.557839496975314e-19 0.9859465091439235 -0.16706130942534625</row1>
													<row2>-1.6882996013125835e-16 0.16706130942534625 0.9859465091439235</row2>
													<row3>0.002811188343912363 -1.2788561008780785e-11 0.02117890492081642</row3>
												</transform>
												<node>
													<identifier>mixamorig:LeftHandThumb3</identifier>
													<transform>
														<row0>1.0 -4.510281037539699e-17 5.551115123125783e-17</row0>
														<row1>1.986198376289568e-17 0.9207012653247728 0.3902680873827147</row1>
														<row2>-6.871137471904535e-17 -0.3902680873827147 0.9207012653247728</row2>
														<row3>0.0010072625009343028 2.98828795042283e-10 0.019931871443986893</row3>
													</transform>
													<node>
														<identifier>mixamorig:LeftHandThumb4</identifier>
														<transform>
															<row0>1.0 -2.7755575615628914e-17 1.6653345369377348e-16</row0>
															<row1>2.7755569038619227e-17 0.9999999999999992 3.9493624370834335e-08</row1>
															<row2>-1.6653345478994164e-16 -3.9493624370834335e-08 0.9999999999999992</row2>
															<row3>-0.0038184504956007004 -6.42839392828165e-10 0.016479918733239174</row3>
														</transform>
													</node>
												</node>
											</node>
										</node>
										<node>
											<identifier>mixamorig:LeftHandIndex1</identifier>
											<transform>
												<row0>0.9942442990421791 1.5866851987457892e-08 0.1071361498880734</row0>
												<row1>0.015597852421588296 0.9893451282619949 -0.14475124933516503</row1>
												<row2>-0.10599463024925894 0.14558919828569217 0.9836507533121531</row2>
												<row3>0.02459413930773735 -0.0005299510667100549 0.06842085719108582</row3>
											</transform>
											<node>
												<identifier>mixamorig:LeftHandIndex2</identifier>
												<transform>
													<row0>1.0 6.938893903907228e-18 -2.7755575615628914e-17</row0>
													<row1>-1.1545774826565544e-17 0.9855125997966212 -0.16960222770383862</row1>
													<row2>2.6176617619906904e-17 0.16960222770383862 0.9855125997966212</row2>
													<row3>-0.0003742983681149781 2.7583766867844695e-11 0.016959069296717644</row3>
												</transform>
												<node>
													<identifier>mixamorig:LeftHandIndex3</identifier>
													<transform>
														<row0>1.0 -2.7755575615628914e-17 1.3877787807814457e-17</row0>
														<row1>2.904339256779833e-17 0.9946244476410885 -0.1035480958524086</row1>
														<row2>-1.0929150028541769e-17 0.1035480958524086 0.9946244476410885</row2>
														<row3>0.00011364972306182608 -3.835332051949081e-11 0.015583342872560024</row3>
													</transform>
													<node>
														<identifier>mixamorig:LeftHandIndex4</identifier>
														<transform>
															<row0>1.0 4.510281037539699e-17 5.551115123125783e-17</row0>
															<row1>-4.5102811102184545e-17 0.9999999999999999 1.3092640749334808e-08</row1>
															<row2>-5.5511150640742925e-17 -1.3092640749334808e-08 0.9999999999999999</row2>
															<row3>0.0002606493653729558 7.76231717791731e-11 0.01317545585334301</row3>
														</transform>
													</node>
												</node>
											</node>
										</node>
										<node>
											<identifier>mixamorig:LeftHandMiddle1</identifier>
											<transform>
												<row0>0.993999830919226 5.090908543071416e-09 0.1093816078349107</row0>
												<row1>0.007732098172522847 0.9974983863203917 -0.07026509763791038</row1>
												<row2>-0.10910797766616653 0.07068924450165373 0.9915132273053067</row2>
												<row3>0.007149178069084883 -0.00033759736106731 0.06419871002435684</row3>
											</transform>
											<node>
												<identifier>mixamorig:LeftHandMiddle2</identifier>
												<transform>
													<row0>1.0 -4.85722573273506e-17 -0.0</row0>
													<row1>4.5425818066205655e-17 0.9352214734444056 -0.35406326498025037</row1>
													<row2>1.7197652016782644e-17 0.35406326498025037 0.9352214734444056</row2>
													<row3>-0.00093802809715271 6.162850091362415e-11 0.018299000337719917</row3>
												</transform>
												<node>
													<identifier>mixamorig:LeftHandMiddle3</identifier>
													<transform>
														<row0>1.0 3.2959746043559335e-17 4.163336342344337e-17</row0>
														<row1>-2.6566909688177642e-17 0.9894074549460108 -0.14516503744792542</row1>
														<row2>-4.5976962914318846e-17 0.14516503744792542 0.9894074549460108</row2>
														<row3>0.000260406726738438 -5.124007988743795e-12 0.01788519322872162</row3>
													</transform>
													<node>
														<identifier>mixamorig:LeftHandMiddle4</identifier>
														<transform>
															<row0>1.0 -9.194034422677078e-17 4.163336342344337e-17</row0>
															<row1>9.194034311475487e-17 0.9999999999999997 2.670972953922045e-08</row1>
															<row2>-4.163336587914508e-17 -2.670972953922045e-08 0.9999999999999997</row2>
															<row3>0.0006776211084797978 5.325414761947478e-11 0.016367943957448006</row3>
														</transform>
													</node>
												</node>
											</node>
										</node>
										<node>
											<identifier>mixamorig:LeftHandRing1</identifier>
											<transform>
												<row0>0.9676533089779453 -4.850340003408216e-09 0.25228371652572645</row0>
												<row1>0.050962675645899264 0.9793844095182384 -0.1954711847910644</row1>
												<row2>-0.24708273779251352 0.20200539198895548 0.9477045648789207</row2>
												<row3>-0.008943776600062847 -0.003349469741806388 0.06581155955791473</row3>
											</transform>
											<node>
												<identifier>mixamorig:LeftHandRing2</identifier>
												<transform>
													<row0>1.0 1.8648277366750682e-17 -2.7755575615628914e-17</row0>
													<row1>-3.023268663166291e-17 0.858869591575014 -0.5121943231506658</row1>
													<row2>1.4286878089135876e-17 0.5121943231506658 0.858869591575014</row2>
													<row3>-0.0006265736883506179 -8.044908628157543e-10 0.01734292320907116</row3>
												</transform>
												<node>
													<identifier>mixamorig:LeftHandRing3</identifier>
													<transform>
														<row0>1.0 -6.114900252818245e-17 -0.0</row0>
														<row1>6.11459362785216e-17 0.9999498560968441 0.010014254435598686</row1>
														<row2>-6.123616698002864e-19 -0.010014254435598686 0.9999498560968441</row2>
														<row3>0.00031587103148922324 5.255419363581204e-11 0.0164028313010931</row3>
													</transform>
													<node>
														<identifier>mixamorig:LeftHandRing4</identifier>
														<transform>
															<row0>1.0 -1.951563910473908e-17 2.6020852139652106e-17</row0>
															<row1>1.9515638893858533e-17 1.0 8.104290571964157e-09</row1>
															<row2>-2.6020852297812518e-17 -8.104290571964157e-09 1.0</row2>
															<row3>0.0003107026277575642 -8.263160988786211e-11 0.015047688968479633</row3>
														</transform>
													</node>
												</node>
											</node>
										</node>
										<node>
											<identifier>mixamorig:LeftHandPinky1</identifier>
											<transform>
												<row0>0.9509666064145038 4.204133529159625e-09 0.30929357168308924</row0>
												<row1>0.16407461157075798 0.847696316514892 -0.5044704915106423</row1>
												<row2>-0.26218700793078636 0.5304817823641874 0.8061308406473051</row2>
												<row3>-0.022799549624323845 -0.0018357215449213982 0.06058557331562042</row3>
											</transform>
											<node>
												<identifier>mixamorig:LeftHandPinky2</identifier>
												<transform>
													<row0>1.0 2.6020852139652106e-18 -9.71445146547012e-17</row0>
													<row1>-3.62660046537162e-17 0.937416262693295 -0.3482107844942992</row1>
													<row2>9.015877373508818e-17 0.3482107844942992 0.937416262693295</row2>
													<row3>-0.00017958843091037124 -7.055806633404771e-11 0.01344830822199583</row3>
												</transform>
												<node>
													<identifier>mixamorig:LeftHandPinky3</identifier>
													<transform>
														<row0>1.0 -2.7755575615628914e-17 6.938893903907228e-18</row0>
														<row1>2.7573596725988535e-17 0.9996880027615686 0.024977932952632755</row1>
														<row2>-7.630005894960348e-18 -0.024977932952632755 0.9996880027615686</row2>
														<row3>0.00024005751765798777 -1.7915066652385292e-10 0.011468568816781044</row3>
													</transform>
													<node>
														<identifier>mixamorig:LeftHandPinky4</identifier>
														<transform>
															<row0>1.0 -2.0816681711721685e-17 -6.938893903907228e-18</row0>
															<row1>2.0816681827772316e-17 0.9999999999999999 1.672465899105191e-08</row1>
															<row2>6.938893555755325e-18 -1.672465899105191e-08 0.9999999999999999</row2>
															<row3>-6.04690721957013e-05 -1.328467613692652e-10 0.008978032507002354</row3>
														</transform>
													</node>
												</node>
											</node>
										</node>
									</node>
								</node>
							</node>
						</node>
						<node>
							<identifier>mixamorig:RightShoulder</identifier>
							<transform>
								<row0>0.06449230507544051 -0.9977715855806332 -0.017102233324319507</row0>
								<row1>0.0644038805254329 0.021263792025194638 -0.9976973445499265</row1>
								<row2>0.9958377790902994 0.06324235509547133 0.0656317168637116</row2>
								<row3>0.04066126048564911 0.0011850778246298432 0.08419374376535416</row3>
							</transform>
							<node>
								<identifier>mixamorig:RightArm</identifier>
								<transform>
									<row0>0.9887398715741503 -0.14964406820935702 -5.122295892996935e-09</row0>
									<row1>0.05969969438902316 0.3944524735698496 -0.9169750228792954</row1>
									<row2>0.1372198830694707 0.9066498200931191 0.39894461697774</row2>
									<row3>-4.1101577002988776e-11 2.0600196548592464e-10 0.07299894094467163</row3>
								</transform>
								<node>
									<identifier>mixamorig:RightForeArm</identifier>
									<transform>
										<row0>0.9671740532087024 6.835560118051912e-09 0.2541148378191445</row0>
										<row1>-0.01327222689406729 0.9986350630506864 0.05051474665618097</row1>
										<row2>-0.2537680018680913 -0.05222922516805851 0.9658539792671669</row2>
										<row3>-1.3474762972087717e-10 2.4558566291688066e-09 0.1832074522972107</row3>
									</transform>
									<node>
										<identifier>mixamorig:RightHand</identifier>
										<transform>
											<row0>0.9627813906811189 0.24895055981615613 -0.10524016968851307</row0>
											<row1>-0.249024908686974 0.9684145248997114 0.012645268550357863</row1>
											<row2>0.10506415561390361 0.014032794406433862 0.9943663734645285</row2>
											<row3>-1.6521175538741772e-09 2.4862034653239107e-09 0.1648017019033432</row3>
										</transform>
										<node>
											<identifier>mixamorig:RightHandThumb1</identifier>
											<transform>
												<row0>0.9142356580795605 -1.3555490161424487e-08 0.40518287413936027</row0>
												<row1>0.19130130890597669 0.8815258846340437 -0.4316432831992487</row1>
												<row2>-0.3571791857131276 0.47213569524043253 0.8059223998457546</row2>
												<row3>-0.014173964969813824 0.013057046569883823 0.02038409188389778</row3>
											</transform>
											<node>
												<identifier>mixamorig:RightHandThumb2</identifier>
												<transform>
													<row0>1.0 6.938893903907228e-18 -1.6653345369377348e-16</row0>
													<row1>-1.981015017089251e-17 0.9969990058634302 -0.07741435465940383</row1>
													<row2>1.6549651778207468e-16 0.07741435465940383 0.9969990058634302</row2>
													<row3>-0.0037592402659356594 -7.21743012577214e-11 0.022124283015727997</row3>
												</transform>
												<node>
													<identifier>mixamorig:RightHandThumb3</identifier>
													<transform>
														<row0>1.0 -1.2576745200831851e-17 -0.0</row0>
														<row1>1.1688389418209256e-17 0.9293652078946596 0.3691616317480951</row1>
														<row2>-4.64285178041911e-18 -0.3691616317480951 0.9293652078946596</row2>
														<row3>7.185263530118391e-05 -5.37017201540646e-11 0.01964752748608589</row3>
													</transform>
													<node>
														<identifier>mixamorig:RightHandThumb4</identifier>
														<transform>
															<row0>1.0 -5.551115123125783e-17 1.1102230246251565e-16</row0>
															<row1>5.5511149501232805e-17 0.9999999999999999 1.5582680035208796e-08</row1>
															<row2>-1.1102230332752816e-16 -1.5582680035208796e-08 0.9999999999999999</row2>
															<row3>0.0036873864009976387 -1.4137427339910857e-10 0.013194127939641476</row3>
														</transform>
													</node>
												</node>
											</node>
										</node>
										<node>
											<identifier>mixamorig:RightHandIndex1</identifier>
											<transform>
												<row0>0.99602192349396 -2.7170628334484393e-08 -0.08910851765904002</row0>
												<row1>-0.019857632595949182 0.9748531934171878 -0.2219615410651029</row1>
												<row2>0.08686772903142156 0.22284804527819024 0.9709751522920724</row2>
												<row3>-0.02451317384839058 -0.00019150099251419306 0.07438714802265167</row3>
											</transform>
											<node>
												<identifier>mixamorig:RightHandIndex2</identifier>
												<transform>
													<row0>1.0 2.7755575615628914e-17 2.7755575615628914e-17</row0>
													<row1>-2.3340436011312257e-17 0.988979610815011 -0.14805177942932474</row1>
													<row2>-3.1558960729270326e-17 0.14805177942932474 0.988979610815011</row2>
													<row3>0.0002833829203154892 -5.196582747446499e-11 0.014810098335146904</row3>
												</transform>
												<node>
													<identifier>mixamorig:RightHandIndex3</identifier>
													<transform>
														<row0>1.0 -2.0816681711721685e-17 -5.551115123125783e-17</row0>
														<row1>1.6968938058163388e-17 0.9976554769172465 -0.06843559138149685</row1>
														<row2>5.680560597938799e-17 0.06843559138149685 0.9976554769172465</row2>
														<row3>-8.970064664026722e-05 -2.3113599575963484e-11 0.014373496174812317</row3>
													</transform>
													<node>
														<identifier>mixamorig:RightHandIndex4</identifier>
														<transform>
															<row0>1.0 -9.80118763926896e-17 -1.1102230246251565e-16</row0>
															<row1>9.801187880975683e-17 0.9999999999999998 2.177100633105055e-08</row1>
															<row2>1.1102230032869845e-16 -2.177100633105055e-08 0.9999999999999998</row2>
															<row3>-0.0001936827611643821 6.9486105237770435e-12 0.01230306550860405</row3>
														</transform>
													</node>
												</node>
											</node>
										</node>
										<node>
											<identifier>mixamorig:RightHandMiddle1</identifier>
											<transform>
												<row0>0.9906753894797075 -1.712198204943107e-08 -0.13624343169206246</row0>
												<row1>-0.02636032790181521 0.9811042088989179 -0.19167562490951018</row1>
												<row2>0.1336690155170755 0.19347975742715887 0.9719558517528579</row2>
												<row3>-0.007895359769463539 -0.0015805470757186413 0.06672466546297073</row3>
											</transform>
											<node>
												<identifier>mixamorig:RightHandMiddle2</identifier>
												<transform>
													<row0>1.0 -3.469446951953614e-17 -4.163336342344337e-17</row0>
													<row1>2.388486957129175e-17 0.9717330449751423 -0.23608212574028567</row1>
													<row2>4.8647259127622976e-17 0.23608212574028567 0.9717330449751423</row2>
													<row3>0.0005205243942327797 -2.590172798466739e-10 0.01729724183678627</row3>
												</transform>
												<node>
													<identifier>mixamorig:RightHandMiddle3</identifier>
													<transform>
														<row0>1.0 -3.382710778154774e-17 1.3877787807814457e-17</row0>
														<row1>3.521710530336204e-17 0.9931482895656839 -0.11686092132426633</row1>
														<row2>-9.829634243199502e-18 0.11686092132426633 0.9931482895656839</row2>
														<row3>-0.00012679649807978421 1.6001422192477022e-12 0.017686739563941956</row3>
													</transform>
													<node>
														<identifier>mixamorig:RightHandMiddle4</identifier>
														<transform>
															<row0>1.0 -8.673617379884035e-18 6.938893903907228e-17</row0>
															<row1>8.673619871626923e-18 0.9999999999999993 -3.590979957834859e-08</row1>
															<row2>-6.938893872760437e-17 3.590979957834859e-08 0.9999999999999993</row2>
															<row3>-0.000393727736081928 -1.2357155576570023e-10 0.015113483183085918</row3>
														</transform>
													</node>
												</node>
											</node>
										</node>
										<node>
											<identifier>mixamorig:RightHandRing1</identifier>
											<transform>
												<row0>0.9682305372176762 -5.349201591322438e-10 -0.25005924657802664</row0>
												<row1>-0.1136374306464981 0.8907763149557631 -0.440004648918501</row1>
												<row2>0.22274685442275646 0.4544420278911612 0.8624768299096135</row2>
												<row3>0.00979499239474535 -0.004684900864958763 0.07224874198436737</row3>
											</transform>
											<node>
												<identifier>mixamorig:RightHandRing2</identifier>
												<transform>
													<row0>1.0 -1.7255119926754166e-17 9.324138683375338e-17</row0>
													<row1>4.5661004116239014e-17 0.9494199553892018 -0.3140091532244979</row1>
													<row2>-8.310696773114221e-17 0.3140091532244979 0.9494199553892018</row2>
													<row3>0.0003761894768103957 1.5088019809234021e-12 0.015419913455843925</row3>
												</transform>
												<node>
													<identifier>mixamorig:RightHandRing3</identifier>
													<transform>
														<row0>1.0 2.3527187142935446e-17 2.3418766925686896e-17</row0>
														<row1>-2.283036836748518e-17 0.9995699965219791 -0.029322722469966755</row1>
														<row2>-2.4098577953549156e-17 0.029322722469966755 0.9995699965219791</row2>
														<row3>-0.00011308969988022 -2.1887772150286366e-10 0.014650218188762665</row3>
													</transform>
													<node>
														<identifier>mixamorig:RightHandRing4</identifier>
														<transform>
															<row0>1.0 1.385610376436475e-16 -2.688821387764051e-17</row0>
															<row1>-1.385610371063417e-16 0.9999999999999998 1.9982946852792338e-08</row1>
															<row2>2.6888216646498355e-17 -1.9982946852792338e-08 0.9999999999999998</row2>
															<row3>-0.0002630996168591082 -3.3388400377809546e-10 0.01256820559501648</row3>
														</transform>
													</node>
												</node>
											</node>
										</node>
										<node>
											<identifier>mixamorig:RightHandPinky1</identifier>
											<transform>
												<row0>0.9370803828119847 1.031648188560053e-08 -0.3491136722457946</row0>
												<row1>-0.1639481343781041 0.882872669068431 -0.44006460826329113</row1>
												<row2>0.3082229150840075 0.4696124468239578 0.827322660396252</row2>
												<row3>0.022613544017076492 -0.0012316916836425662 0.061095498502254486</row3>
											</transform>
											<node>
												<identifier>mixamorig:RightHandPinky2</identifier>
												<transform>
													<row0>1.0 4.2934406030425976e-17 5.551115123125783e-17</row0>
													<row1>-8.328809136967135e-18 0.8580321944982472 -0.5135957885294974</row1>
													<row2>-6.968128503032247e-17 0.5135957885294974 0.8580321944982472</row2>
													<row3>2.879203748307191e-05 -7.525286817300358e-12 0.014306862838566303</row3>
												</transform>
												<node>
													<identifier>mixamorig:RightHandPinky3</identifier>
													<transform>
														<row0>1.0 2.0816681711721685e-17 4.163336342344337e-17</row0>
														<row1>-1.5681557064306976e-17 0.9928048044526134 -0.11974397795216232</row1>
														<row2>-4.3826475508241864e-17 0.11974397795216232 0.9928048044526134</row2>
														<row3>-0.0001460158673580736 -7.577113936285684e-10 0.011418091133236885</row3>
													</transform>
													<node>
														<identifier>mixamorig:RightHandPinky4</identifier>
														<transform>
															<row0>1.0 9.020562075079398e-17 1.1102230246251565e-16</row0>
															<row1>-9.020562354200137e-17 0.9999999999999997 2.5140961312786193e-08</row1>
															<row2>-1.110223001946596e-16 -2.5140961312786193e-08 0.9999999999999997</row2>
															<row3>0.00011722411727532744 -7.984801153604337e-10 0.010030193254351616</row3>
														</transform>
													</node>
												</node>
											</node>
										</node>
									</node>
								</node>
							</node>
						</node>
					</node>
				</node>
			</node>
			<node>
				<identifier>mixamorig:LeftUpLeg</identifier>
				<transform>
					<row0>-0.9999863092156939 0.000643559220777297 0.005181505902529982</row0>
					<row1>-9.178485267188946e-11 0.9923748390860776 -0.1232560730333226</row1>
					<row2>-0.005221319290993892 -0.12325440025455693 -0.9923613709948362</row2>
					<row3>-0.0698821023106575 0.000948473229072988 -0.034257736057043076</row3>
				</transform>
				<node>
					<identifier>mixamorig:LeftLeg</identifier>
					<transform>
						<row0>0.9993138077178217 2.459187795249152e-10 0.037039353456943154</row0>
						<row1>0.006104050993020105 0.9863271589386311 -0.16468599242656604</row1>
						<row2>-0.03653292030460988 0.16479907627182974 0.9856503488529635</row2>
						<row3>3.615263644007882e-11 -1.565579665907535e-09 0.358912855386734</row3>
					</transform>
					<node>
						<identifier>mixamorig:LeftFoot</identifier>
						<transform>
							<row0>0.9998044033540285 -0.019774625776712757 -6.73663851368067e-11</row0>
							<row1>0.013957381465383915 0.7056847322257682 -0.7083884881942081</row1>
							<row2>0.014008118141060103 0.7082499719959202 0.7058227467246464</row2>
							<row3>2.3243007518658487e-10 -4.2884695794498384e-10 0.3120245337486267</row3>
						</transform>
						<node>
							<identifier>mixamorig:LeftToeBase</identifier>
							<transform>
								<row0>0.9992768666037899 -0.03802293874112574 2.778427488081548e-09</row0>
								<row1>0.028348893936048288 0.7450342606435107 -0.66642350699835</row1>
								<row2>0.025339378112220774 0.6659415939831853 0.7455734097458279</row2>
								<row3>-5.292713836646534e-11 1.6600927299492696e-09 0.10627656430006027</row3>
							</transform>
							<node>
								<identifier>mixamorig:LeftToe_End</identifier>
								<transform>
									<row0>1.0 6.245004513516507e-17 -1.2793585635328955e-17</row0>
									<row1>-6.245004513219594e-17 1.0 2.320788561327447e-10</row1>
									<row2>1.279358564982229e-17 -2.320788561327447e-10 1.0</row2>
									<row3>-5.965636838689559e-12 -1.908761516900004e-11 0.044990748167037964</row3>
								</transform>
							</node>
						</node>
					</node>
				</node>
			</node>
			<node>
				<identifier>mixamorig:RightUpLeg</identifier>
				<transform>
					<row0>-0.9999863192455929 -0.0006584838438668215 -0.005177693636429852</row0>
					<row1>-6.720169060982217e-11 0.9920097952146908 -0.1261608742760898</row1>
					<row2>0.005219398012498468 -0.12615915581947673 -0.9919962828999432</row2>
					<row3>0.0698821023106575 0.0011928188614547253 -0.034257736057043076</row3>
				</transform>
				<node>
					<identifier>mixamorig:RightLeg</identifier>
					<transform>
						<row0>0.9993136637858471 4.985224511691358e-10 -0.0370432365069106</row0>
						<row1>-0.006122902881936077 0.9862448911922171 -0.16517725223998092</row1>
						<row2>0.03653370049824267 0.16529068739748548 0.9855679368659906</row2>
						<row3>-3.2067352245812586e-11 3.4275300375696816e-09 0.35904499888420105</row3>
					</transform>
					<node>
						<identifier>mixamorig:RightFoot</identifier>
						<transform>
							<row0>0.9998215155146539 0.018892779413854647 -3.344030408657095e-09</row0>
							<row1>-0.013098633585774946 0.6931903975690192 -0.7206354824155486</row1>
							<row2>-0.013614804889023922 0.7205068602061497 0.6933141434326213</row2>
							<row3>1.027881946225051e-10 8.139725560241118e-10 0.3119935393333435</row3>
						</transform>
						<node>
							<identifier>mixamorig:RightToeBase</identifier>
							<transform>
								<row0>0.9992294825417488 0.03924845499314423 5.976039219035557e-09</row0>
								<row1>-0.029650482409460503 0.7548740483106898 -0.6551992216722458</row1>
								<row2>-0.025715561674503184 0.6546943790561223 0.7554561403020584</row2>
								<row3>1.631887264208487e-10 4.631521832720864e-09 0.10806795209646225</row3>
							</transform>
							<node>
								<identifier>mixamorig:RightToe_End</identifier>
								<transform>
									<row0>1.0 5.551115123125783e-17 4.87890977618477e-18</row0>
									<row1>-5.551115123019864e-17 1.0 -2.1709503639222305e-10</row1>
									<row2>-4.878909788235965e-18 2.1709503639222305e-10 1.0</row2>
									<row3>1.9538682737713087e-12 -1.7095049334447943e-11 0.04536869376897812</row3>
								</transform>
							</node>
						</node>
					</node>
				</node>
			</node>
		</node>
	</node>
	<anim>
		<name>&#32553;&#23567;- max2</name>
		<res>/&#32553;&#23567;- max2.anim</res>
		<durationMS>33</durationMS>
		<_ModifyTime>1734015324</_ModifyTime>
		<motion>
			<trans />
		</motion>
	</anim>
	<anim>
		<name>walk</name>
		<res>/walk.anim</res>
		<durationMS>966</durationMS>
		<_ModifyTime>1734015350</_ModifyTime>
		<motion>
			<trans />
		</motion>
	</anim>
	<anim>
		<name>die</name>
		<res>/die.anim</res>
		<durationMS>4600</durationMS>
		<_ModifyTime>1734015363</_ModifyTime>
		<motion>
			<trans />
		</motion>
	</anim>
	<anim>
		<name>idle1</name>
		<res>/idle1.anim</res>
		<durationMS>5333</durationMS>
		<_ModifyTime>1734015382</_ModifyTime>
		<motion>
			<trans />
		</motion>
	</anim>
	<anim>
		<name>Getting Up</name>
		<res>/Getting Up.anim</res>
		<durationMS>2700</durationMS>
		<_ModifyTime>1734015392</_ModifyTime>
		<motion>
			<trans />
		</motion>
	</anim>
	<anim>
		<name>Laying Idle</name>
		<res>/Laying Idle.anim</res>
		<durationMS>2133</durationMS>
		<_ModifyTime>1734015408</_ModifyTime>
		<motion>
			<trans />
		</motion>
	</anim>
</Root>