<?xml version="1.0" encoding="utf-8"?>
<Resource>
	<Version>1</Version>
	<SSkinSkeletonData>
		<Root>
			<Sub/>
			<Entity type="SSkinSkeletonData">
				<Bones count="52" ordered="true">
					<Element index="0">
						<Transform rawdata="2SbCvb/Xfj8TNr27cHwLv01paL1uK1a/DklVv+T7m72LOww/2kLbPvE/pT7Phxs/">(-0.09480065751387705,0.99547952925112004,-0.00577426851686009,-0.5448675097580663,-0.05674104847569988,-0.83660017345678417,-0.83314598489399194,-0.0761640352124708,0.5477835408217131,0.42824442594002504,0.32275346532239302,0.60754099928167293)</Transform>
						<Name>mixamorig:RightHandThumb1</Name>
					</Element>
					<Element index="1">
						<Transform rawdata="2SbCvXrOfj+DYJE8cHwLv1ZjF737c1a/DklVv/Nxtr2Yuws/ah/dPr0gnj5MqBc/">(-0.09480065751387703,0.99533808685952163,0.01774621598435967,-0.54486750975806642,-0.03695996939908295,-0.83770720270990995,-0.83314598489399194,-0.089084530132037,0.54583121415523139,0.43188029261282918,0.30884353149292898,0.59241174277233155)</Transform>
						<Name>mixamorig:RightHandThumb2</Name>
					</Element>
					<Element index="2">
						<Transform rawdata="1uUKvmSWfb9IfZs8Q/IUP77cwr2Cx06/AEtNP37Eyb282BY/KxnjvoQLsz6JlBQ/">(-0.13564237628036668,-0.99057603504078628,0.01898063644587429,0.58182160655834192,-0.09514759526740393,-0.80773173347139227,0.80192565983318276,-0.09851930733468103,0.58924458604505592,-0.44355138624578661,0.34969723755473087,0.58039148727624967)</Transform>
						<Name>mixamorig:LeftHandThumb1</Name>
					</Element>
					<Element index="3">
						<Transform rawdata="1uUKvmKPfb/S78O8Q/IUP60jdr3Ro0+/AEtNP3jR/b0JnRU/RaXkvmKFpj5vdRI/">(-0.13564237628036671,-0.99046911706293062,-0.02391806642674884,0.58182160655834203,-0.06009261526164596,-0.81109339519742485,0.80192565983318276,-0.12393468334406944,0.58442743806696817,-0.446573393260356,0.32523636965948205,0.57210440144718422)</Transform>
						<Name>mixamorig:LeftHandThumb2</Name>
					</Element>
					<Element index="4">
						<Transform rawdata="1uUKvl5Tfb8eDEi9Q/IUP5dxIr0Z9k+/AEtNP3PuDb56xBQ/mBDkvtRUnz6J1A8/">(-0.13564237628036671,-0.9895533494447335,-0.04883968017631378,0.58182160655834203,-0.03965910852539832,-0.81234892334072861,0.80192565983318276,-0.13860491951471235,0.58112297527066914,-0.44543911352545157,0.31119406041068798,0.56183678495108924)</Transform>
						<Name>mixamorig:LeftHandThumb3</Name>
					</Element>
					<Element index="5">
						<Transform rawdata="K/PQPRzaW7+khgA/VpdhPjv/8b7Vb1q/OFd4P31nSj5aWxA+agVpvkqUGT+aOQY/">(0.10202630554635204,-0.85879681538964847,0.50205444212073302,0.22030386210716668,-0.47265039275027693,-0.85326889933576933,0.97008084267097505,0.19766040602408719,0.14097348180833197,-0.22755971661276667,0.59991896498106645,0.52431644286068602)</Transform>
						<Name>mixamorig:LeftHand</Name>
					</Element>
					<Element index="6">
						<Transform rawdata="wWnoPQ8sab+9M8s+EoxNPkqLvb5yMWi/6Bl5Pyv6Oj66MhA+7dV2vkznCj+bRAc/">(0.1134829623171108,-0.91082852394810065,0.39687909841849861,0.2007296449223645,-0.3702033036611212,-0.90700448092110353,0.97305156395865011,0.18259494494896611,0.14081851024478093,-0.24105043958773917,0.54259178233151095,0.52839060086252898)</Transform>
						<Name>mixamorig:LeftHandIndex1</Name>
					</Element>
					<Element index="7">
						<Transform rawdata="lkc8PriMa78TDbE+biibPU7LrL7aMnC/EON6Pzt8Sz523Po7zbEgvmKkBT80bhI/">(0.18386682625406489,-0.92011594782083705,0.34580288137755671,0.07576070625957713,-0.33748860354864008,-0.93827594974071427,0.98002719635238067,0.19871609154910408,0.00765567561620203,-0.15692825887009998,0.52203953737335262,0.57199403679524508)</Transform>
						<Name>mixamorig:LeftHandMiddle1</Name>
					</Element>
					<Element index="8">
						<Transform rawdata="KhlEPoBpWb/I6Pu+8ax8PQG+Aj98h1u/5sN6P+YUCT4BzBk+Jm7vvTZH171+rUE/">(0.19150225003563881,-0.84926602871359602,-0.49201035221258804,0.06168836837863536,0.51071174081129134,-0.85753605993988435,0.97955164919368565,0.1338687770909929,0.15019227416356765,-0.11690931042636291,-0.10511628993961973,0.75655351342880484)</Transform>
						<Name>mixamorig:LeftHandPinky2</Name>
					</Element>
					<Element index="9">
						<Transform rawdata="wWnoPXN7eb/ZA0Y+EoxNPu4pLL6OEXe/6Bl5P1fmFz65xjQ+yy92vh+J1z5sih0/">(0.1134829623171108,-0.97453994165909008,0.19337405557030823,0.20072964492236448,-0.16812870293269083,-0.96511163330419569,0.97305156395865,0.14833961494242914,0.1765393131925557,-0.24041669238014773,0.42096803572288111,0.61539339248996816)</Transform>
						<Name>mixamorig:LeftHandIndex2</Name>
					</Element>
					<Element index="10">
						<Transform rawdata="wWnoPcwofr8R+Bs9EoxNPoGdb7z5wnq/6Bl5P6hP8z2oXko+EUZ2via2pD4ZeCg/">(0.11348296231711083,-0.99281003924698752,0.03807837238418253,0.2007296449223645,-0.01462495424823087,-0.9795375641453874,0.97305156395865011,0.11880427556671698,0.19762671174209451,-0.24050164991778042,0.32170217380187272,0.65808257082689658)</Transform>
						<Name>mixamorig:LeftHandIndex3</Name>
					</Element>
					<Element index="11">
						<Transform rawdata="lkc8PrKWe78QYZs8biibPXohprvQQn+/EON6PyI1PT49k5Y9WSggvkQtnT7OfTI/">(0.18386682625406492,-0.9827681497938644,0.01896718210194835,0.07576070625957712,-0.00506990864270491,-0.99711319815526323,0.98002719635238078,0.18477299525931698,0.07352302548858264,-0.15640391556805194,0.30698597508132208,0.6972321509748014)</Transform>
						<Name>mixamorig:LeftHandMiddle2</Name>
					</Element>
					<Element index="12">
						<Transform rawdata="lkc8PoVve785cSA9biibPXx60bwpLn+/EON6PzC3Pj4yw449YXYgvqtOpD5FjCw/">(0.18386682625406489,-0.98217038428581227,0.03917047912800429,0.07576070625957712,-0.02557110110888918,-0.99679809097686844,0.98002719635238067,0.18624568456729104,0.06970824477602015,-0.1567015804146592,0.32091268249447941,0.67401534477184866)</Transform>
						<Name>mixamorig:LeftHandMiddle3</Name>
					</Element>
					<Element index="13">
						<Transform rawdata="+QJSPtDeeb9fbpQ9/QIVPQ37h73oQ3+/mGJ6P9kbVD6vVbM8LhDyvaR4sj7NJTE/">(0.20508946340347123,-0.97605610815042099,0.07247614354706909,0.03637980272725197,-0.06639680780874595,-0.99712992761730723,0.9780669410442735,0.20713748491053538,0.02189144298004251,-0.11819492608716876,0.34857666391155046,0.69198303953295326)</Transform>
						<Name>mixamorig:LeftHandRing1</Name>
					</Element>
					<Element index="14">
						<Transform rawdata="KhlEPkxCe78IIp678ax8PXTMijzDeX+/5sN6P01kQz6jpII9d6zxvUTTkT7qLTk/">(0.19150225003563884,-0.98148036882684042,-0.00482583426376487,0.06168836837863532,0.01694319395601246,-0.99795169830057673,0.97955164919368565,0.19081229780965006,0.06379058231395561,-0.11800473017127468,0.28481495370546528,0.72335682938518731)</Transform>
						<Name>mixamorig:LeftHandPinky1</Name>
					</Element>
					<Element index="15">
						<Transform rawdata="+QJSPqeOc7+JQ2u+/QIVPZXLdz6FN3i/mGJ6P1oRQz5ghqw9st/wvdfD/j3pfkA/">(0.20508946340347126,-0.95139547261787449,-0.22974981608195308,0.03637980272725197,0.24198754591937499,-0.96959715851589112,0.97806694104427372,0.19049588526298949,0.0842406755523664,-0.11761416177585728,0.12439696972419105,0.75193649064397916)</Transform>
						<Name>mixamorig:LeftHandRing2</Name>
					</Element>
					<Element index="16">
						<Transform rawdata="FcmKvWqBYb892u8+aMuDPmor8L5nRVi/pcN2Pzi3gT3oXoQ+3qxWvp1kGz8M7yw/">(-0.0677663458826204,-0.88088095527181443,0.46846190614150091,0.25741124094348611,-0.46908122116995199,-0.84480902410670178,0.96392280572753941,0.06333774383748461,0.25853656469086511,-0.20964380393196974,0.60700401386482905,0.6755225835205364)</Transform>
						<Name>mixamorig:LeftForeArm</Name>
					</Element>
					<Element index="17">
						<Transform rawdata="l5MvPJb5Yr8gvOw+VXfgPezJ6r5mwmG/ZHF+P3lIdj2687w9zy+6vbc8GT9ZIWk/">(0.01071634030810168,-0.88662086825442499,0.46237278902004048,0.1096026057770821,-0.45857179875835136,-0.88187253851699232,0.993917717347505,0.06012770874813103,0.09226174604583115,-0.09091150062698299,0.59858265808396527,0.91066506827260374)</Transform>
						<Name>mixamorig:LeftArm</Name>
					</Element>
					<Element index="18">
						<Transform rawdata="x+foPX+AXj/HbPa+pI5SvhIf6L5bBl6/FNV4v6hWSj7ONQI+6/JhPh/nFj+jRgo/">(0.11372333284049144,0.86914820716460939,-0.48129865893427293,-0.2056222620067405,-0.45336204150314119,-0.86728446874803744,-0.97200134163702812,0.19759618748004651,0.12715837045395367,0.22065322076206839,0.58946415059927493,0.54014032276930779)</Transform>
						<Name>mixamorig:RightHand</Name>
					</Element>
					<Element index="19">
						<Transform rawdata="2SbCvfDfbz8XIay+cHwLvwe3qb5cLUW/DklVv0Gc4T2Yvgo//zLdPvgU/D5i6No+">(-0.09480065751387708,0.93701074709493071,-0.33618996886215424,-0.54486750975806642,-0.3314745026827764,-0.77022337726223911,-0.83314598489399205,0.11016130854254462,0.54197071318957291,0.43202970812287056,0.4923474809136566,0.42755420320995924)</Transform>
						<Name>mixamorig:RightHandThumb3</Name>
					</Element>
					<Element index="20">
						<Transform rawdata="ufAcPr77cD8e7pm+gyYIvuVLkL7MQHO/2ax6vw0PPj4N3qc9Z61APjC6+j7rrRY/">(0.15326203610617137,0.94134130200329091,-0.30064480942025151,-0.13295941232456504,-0.28182903053187131,-0.95020744694186199,-0.97919995045082431,0.18560428522050412,0.08196649525805554,0.18816148049941456,0.48970173561873515,0.58859127851211157)</Transform>
						<Name>mixamorig:RightHandMiddle1</Name>
					</Element>
					<Element index="21">
						<Transform rawdata="ufAcPkmufD+YUkO9gyYIvhH93ryjoX2/2ax6vxP7IT77HAI+7QhAPvudpj5J/C0/">(0.1532620361061714,0.98703439233310697,-0.04768619064560886,-0.13295941232456507,-0.02722028042583461,-0.990747622301549,-0.97919995045082442,0.15818433517404193,0.12706366957371437,0.18753405624811359,0.32542405725511492,0.67963079071764387)</Transform>
						<Name>mixamorig:RightHandMiddle2</Name>
					</Element>
					<Element index="22">
						<Transform rawdata="ufAcPleCdT9HB3Q+gyYIvsGYhD6E6XS/2ax6v+dk6z0QNys+bA1APtY09z1Nsjo/">(0.15326203610617137,0.9590201067438765,0.23830900769705304,-0.13295941232456501,0.25897792329674391,-0.95668815709154242,-0.9791999504508242,0.11493854925946015,0.16720223363111431,0.18755120267827108,0.12070624374366003,0.72928314214123802)</Transform>
						<Name>mixamorig:RightHandMiddle3</Name>
					</Element>
					<Element index="23">
						<Transform rawdata="IGBcPrrEeD9OYca9PDBVvEZHxb2qyX6/qfp5v2KfXD4ZfAS8L0PWPSeHvD5xfS8/">(0.21521043155529826,0.97175181350213025,-0.09686528328097405,-0.0130119878763683,-0.09632734998825318,-0.99526465315299206,-0.97648100766030643,0.21545174540848269,-0.0080862277454216,0.10462033006443958,0.36821863243544289,0.68550782165014934)</Transform>
						<Name>mixamorig:RightHandRing1</Name>
					</Element>
					<Element index="24">
						<Transform rawdata="t7OLPk69cz+VTQ2+QdLZPaaLML48sXq/w8Z0v4tKgT613Re+M4W0PCAV0j6ttis/">(0.27285549239702023,0.95210729161823882,-0.13799125981777027,0.10635805951109456,-0.17240770982224835,-0.97926689880147311,-0.95615785487847871,0.2525218541853933,-0.14830668337923902,0.02203617085307029,0.4103174194208426,0.67075615443817793)</Transform>
						<Name>mixamorig:RightHandPinky1</Name>
					</Element>
					<Element index="25">
						<Transform rawdata="HjmmPY2OZT8lyN6+KtiGvheyzb4Gh2C/IBZ2v7Q9Pj4QcVA+7JuMPpiMDz/lcfs+">(0.08116362879851897,0.8967064267756486,-0.43512072984345929,-0.26336794737620323,-0.40174934905766474,-0.87706030854587635,-0.9612750853190265,0.1857822507964394,0.20355629598198932,0.27462710202735457,0.56073901365984624,0.49110332617957936)</Transform>
						<Name>mixamorig:RightHandIndex1</Name>
					</Element>
					<Element index="26">
						<Transform rawdata="HjmmPXYGej8foku+KtiGvp2GL75ACHO/IBZ2vzGIBD7yJXk+jVaMPi/N2T6ASRk/">(0.08116362879851895,0.97666110579554166,-0.19886062905081459,-0.26336794737620323,-0.17141194177261521,-0.94934465317532957,-0.96127508531902628,0.12942577271923478,0.2433088155018788,0.274097825954287,0.42539353753915787,0.59877777601062931)</Transform>
						<Name>mixamorig:RightHandIndex2</Name>
					</Element>
					<Element index="27">
						<Transform rawdata="IGBcPgOqcT+BDIA+PDBVvGWHhD61QHe/qfp5v16DUT4dPos9YT/VPUTA4D2OwkE/">(0.21521043155529831,0.94400040531729579,0.25009539162200473,-0.01301198787636829,0.25884546382022416,-0.96583110015737139,-0.97648100766030643,0.2046026896706753,0.0679895658041572,0.10412479218950578,0.10974171878729852,0.75687494747108774)</Transform>
						<Name>mixamorig:RightHandRing2</Name>
					</Element>
					<Element index="28">
						<Transform rawdata="t7OLPioPUj+hkwA/QdLZPRZ8/D6TCV2/w8Z0vw75kz67q0E9nOCxPBPT073dQUQ/">(0.27285549239702028,0.82054390456531745,0.50225261700028612,0.10635805951109455,0.49313418770623535,-0.86342732986230297,-0.95615785487847871,0.28900950296714251,0.04728291417116549,0.02171354795280644,-0.1034299352617304,0.76663000003609461)</Transform>
						<Name>mixamorig:RightHandPinky2</Name>
					</Element>
					<Element index="29">
						<Transform rawdata="t7OLPqhbRz8xnRA/QdLZPUUlDz8zfFK/w8Z0vzSgkT581o49pOGzPDcRJr5boT4/">(0.27285549239702023,0.7787422893585364,0.56489854405399553,0.10635805951109452,0.55916246249086254,-0.8222076284653973,-0.95615785487847882,0.28442536333066398,0.06974503443460144,0.02195817910384163,-0.16217504425255019,0.74464956380824598)</Transform>
						<Name>mixamorig:RightHandPinky3</Name>
					</Element>
					<Element index="30">
						<Transform rawdata="HjmmPdKTeD/8QGa+KtiGvutoSb5BxnG/IBZ2v3kiCz6rhXU+I3+MPkex4T5hURI/">(0.08116362879851899,0.97100555274897105,-0.22485727537175632,-0.26336794737620334,-0.1966892910068522,-0.94443139068429893,-0.9612750853190265,0.13587368598513741,0.23976770842319819,0.27440748683356087,0.44080563392510119,0.57155423569136732)</Transform>
						<Name>mixamorig:RightHandIndex3</Name>
					</Element>
					<Element index="31">
						<Transform rawdata="tEETvuZQXz8lQe++GF9nvjEz+r5Wu1e/uqV2v7+Zf7xh5Yg+P8goPv3JHz/USCw/">(-0.14380531987130971,0.87232819074677981,-0.46729389692288059,-0.22594869816185423,-0.48867182060363534,-0.84270227737261627,-0.96346631232491686,-0.01560062102540651,0.26737502654312156,0.1648263755468653,0.62417584280579963,0.67298628807446959)</Transform>
						<Name>mixamorig:RightForeArm</Name>
					</Element>
					<Element index="32">
						<Transform rawdata="2xw1vauGYj9Sb+2+JKYOvc447r5DbWK/HJh/v7UTvLw3flI9B/82PML7Gj9ZImk/">(-0.04421697140545959,0.88486734375251819,-0.46373994516301553,-0.03482641245122615,-0.46527712720665543,-0.88447970112425978,-0.9984147336831054,-0.02295861642140483,0.0513898974443804,0.01116920201507958,0.60540401849172409,0.91068037524018519)</Transform>
						<Name>mixamorig:RightArm</Name>
					</Element>
					<Element index="33">
						<Transform rawdata="KhlEPtkvLr+UFTW/8ax8PTFFOj9k5i6/5sN6P2OVsj16qjk+DVLvveMfnb6gBjA/">(0.19150225003563884,-0.6804176191995821,-0.70736049264260192,0.06168836837863535,0.7276182497850775,-0.68320300536673351,0.97955164919368565,0.0871989981122103,0.18131438474533368,-0.11685572157019115,-0.30688389375806785,0.68760106307776647)</Transform>
						<Name>mixamorig:LeftHandPinky3</Name>
					</Element>
					<Element index="34">
						<Transform rawdata="IGBcPp/XZT91tMQ+PDBVvLTByj4rDGu/qfp5vz04RT6Pd8Y9MmrVPRAlijpiHkA/">(0.21521043155529831,0.89782134762629895,0.3841892684457473,-0.01301198787636828,0.39600910073048445,-0.91815439823861933,-0.97648100766030665,0.19259734965577821,0.09690772418234037,0.10420645734089103,0.00105396103371061,0.75046362173237646)</Transform>
						<Name>mixamorig:RightHandRing3</Name>
					</Element>
					<Element index="35">
						<Transform rawdata="+QJSPth0Xr9Ilua+/QIVPcXl7j6WO2K/mGJ6P3zQKD7GXAI+DrHwvbzzYr15+T4/">(0.2050894634034712,-0.86897036794198368,-0.45036530358127885,0.03637980272725198,0.46659674561840964,-0.88372168302184484,0.9780669410442735,0.16485780486947671,0.12730703157006037,-0.11752520519764083,-0.05540822438685397,0.74599415743981035)</Transform>
						<Name>mixamorig:LeftHandRing3</Name>
					</Element>
					<Element index="36">
						<Transform rawdata="AACAv3NjH6UojPCkMjENpR3XDT4/iH0/MjENpT+IfT8d1w2+q4KUujYL/L3rimm/">(-1,-0.00000000000000014,-0.0000000000000001,-0.00000000000000012,0.13851590576759068,0.99036020914078726,-0.00000000000000012,0.99036020914078726,-0.13851590576759068,-0.00113304459955532,-0.1230682548632899,-0.91227594844372029)</Transform>
						<Name>mixamorig:Spine1</Name>
					</Element>
					<Element index="37">
						<Transform rawdata="AACAv3NjH6UojPCkMjENpR3XDT4/iH0/MjENpT+IfT8d1w2+q4KUujUL/L0R/3u/">(-1,-0.00000000000000014,-0.0000000000000001,-0.00000000000000012,0.13851590576759068,0.99036020914078726,-0.00000000000000012,0.99036020914078726,-0.13851590576759068,-0.00113304459955531,-0.12306825334902809,-0.9843607445712278)</Transform>
						<Name>mixamorig:Spine2</Name>
					</Element>
					<Element index="38">
						<Transform rawdata="tZKUvbLSXL4sSXm/35Ijvh4Tdr8nKmY+hwd8vyX7Lz5NhxA9HZUTPt0rgz9F0o6+">(-0.07254544698770309,-0.21564749389716867,-0.97377278411298074,-0.15973995743164815,-0.9612292282280217,0.22477017810944402,-0.98448986999414545,0.17185647612276025,0.03528528252407136,0.14412351317326733,1.02477610349259818,-0.27894798967108148)</Transform>
						<Name>mixamorig:RightShoulder</Name>
					</Element>
					<Element index="39">
						<Transform rawdata="tft/P/pJqa7Wkjs8DH86PGcu271Wg36/nZigOpuHfj+6Ktu9L8yAPfuEjD2S1kU/">(0.99993452244215753,-0.00000000007698371,0.01144858234346302,0.01138282903753697,-0.10702209859821964,-0.99419154131587528,0.00122525131187782,0.99425670207493888,-0.10701508467309544,0.06288944948062879,0.06861301661553028,0.77280536058414906)</Transform>
						<Name>mixamorig:RightUpLeg</Name>
					</Element>
					<Element index="40">
						<Transform rawdata="AACAvzIxDaUyMQ2lMjENpWdnOSUAAIA/MjENpQAAgD9nZzmlq4KUuh1kQLwJ9U2/">(-1,-0.00000000000000012,-0.00000000000000012,-0.00000000000000012,0.00000000000000016,1,-0.00000000000000012,1,-0.00000000000000016,-0.00113304459955533,-0.01174261886626495,-0.80452018976211548)</Transform>
						<Name>mixamorig:Hips</Name>
					</Element>
					<Element index="41">
						<Transform rawdata="s/t/P/lMQi4YsDu8QLk6vO9Tz70Kq36/7QCYulGvfj90UM+9vUh4vTDQhz2Q30U/">(0.99993438294428005,0.00000000004417886,-0.01145555785816491,-0.01139670619156229,-0.10123431304476325,-0.99479733059067754,-0.00115969557426488,0.99486261054597613,-0.10122767034669991,-0.06061624426073988,0.0663150519835578,0.77294254067922208)</Transform>
						<Name>mixamorig:LeftUpLeg</Name>
					</Element>
					<Element index="42">
						<Transform rawdata="AACAv3NjH6UmjPCkMjENpSPXDT4/iH0/MjENpT+IfT8j1w2+q4KUukAL/L1KZVm/">(-1,-0.00000000000000014,-0.0000000000000001,-0.00000000000000012,0.13851599345913621,0.9903601968758784,-0.00000000000000012,0.9903601968758784,-0.13851599345913621,-0.00113304459955533,-0.12306833279963494,-0.84920177082903703)</Transform>
						<Name>mixamorig:Spine</Name>
					</Element>
					<Element index="43">
						<Transform rawdata="AACAvzIxDaUyMQ2lMjENpWdnOSUAAIA/MjENpQAAgD9nZzmlq4KUulGK0jzoPom/">(-1,-0.00000000000000012,-0.00000000000000012,-0.00000000000000012,0.00000000000000016,1,-0.00000000000000012,1,-0.00000000000000016,-0.0011330445995553,0.02570072002708895,-1.07223224639892578)</Transform>
						<Name>mixamorig:Neck</Name>
					</Element>
					<Element index="44">
						<Transform rawdata="Y/J/P2khJ7tNqqU8lx6mPMuqxDyi33+/DjsHO+bsfz/JDMU8cj6XvQ1FZDxzz9Y+">(0.99979230524442386,-0.00255020923082303,0.02022280808128397,0.02027825759661209,0.02400722178658905,-0.99950610084178804,0.00206345636886724,0.9997085323908006,0.0240539479785088,-0.0738495772805175,0.01393247847051745,0.41955146746529565)</Transform>
						<Name>mixamorig:LeftLeg</Name>
					</Element>
					<Element index="45">
						<Transform rawdata="zHB5P/BzTD7yFdQ9YedPvluZej9aSrw8cjbGvVzaMb09jn4/wNJpvQ+2c7zULpC9">(0.97437740533706885,0.19966101266943129,0.103557481566609,-0.20303108040111642,0.97890249014079234,0.02298467287804817,-0.09678353351555607,-0.04342113328752121,0.99435785953763656,-0.05708575427735976,-0.01487494954325673,-0.07040181589762348)</Transform>
						<Name>mixamorig:LeftToeBase</Name>
					</Element>
					<Element index="46">
						<Transform rawdata="WfJ/PzMXNztdo6W8XUCmvHgY9jzr1H+/rykPuyvifz8+gvY8cOSbPUYAOTzd0tY+">(0.99979166172643585,0.00279374125089718,-0.0202194993272784,-0.0202943622723386,0.03004096534052036,-0.99934262361261805,-0.00218449130266711,0.99954482371754261,0.03009140206111855,0.07611930653944714,0.01129156892637158,0.41957751917993641)</Transform>
						<Name>mixamorig:RightLeg</Name>
					</Element>
					<Element index="47">
						<Transform rawdata="lG55P4MeSr5Vet29bt9NPpOyej+aocQ8BjDPPTDZOL2pbH4/odByPWW5eLwGA4y9">(0.97434353747121383,-0.19738201198796781,-0.10814348674708886,0.20104762895019185,0.97928735040029324,0.02400283958535724,0.10116581379887084,-0.04512900053796155,0.99384554593524366,0.05928099391836306,-0.01518092061809536,-0.0683651428561896)</Transform>
						<Name>mixamorig:RightToeBase</Name>
					</Element>
					<Element index="48">
						<Transform rawdata="xGp+P4bYuT0WCoM9T3+/vHL9Oz+Kqi2/O03evZ01LD/jXjs/x4uYPW1FHb2bHoQ9">(0.99381663116278685,0.09074501817173336,0.06398408427784665,-0.02337613601635244,0.73433602751802962,-0.67838348669401261,-0.10854574657025542,0.67269305063011553,0.73191658127139014,0.07448535553539443,-0.03839628867471243,0.06451150157863067)</Transform>
						<Name>mixamorig:RightFoot</Name>
					</Element>
					<Element index="49">
						<Transform rawdata="yZ1+P+zVqr3iPH299tS4PG4+QT/Kzie/4I/PPS6LJj9lrkA/dqmTvbfGIb2UCIQ9">(0.99459508762975024,-0.08341583852501147,-0.06182564194252721,0.02256248467132816,0.7548588616771601,-0.65549911094879054,0.10134863565053889,0.65056121682023982,0.75266102911804844,-0.07210056189187626,-0.03949615019320599,0.06446948629898687)</Transform>
						<Name>mixamorig:LeftFoot</Name>
					</Element>
					<Element index="50">
						<Transform rawdata="e4wTuon7aD4sSXk/PD4hPrordr8YKmY+ac58P8okHT5LhxC9gU8Rvtk4gz+8no6+">(-0.00056285381653478,0.22752202558779666,0.97377277495267212,0.15746396678697802,-0.96160474068785706,0.22476995368871985,0.98752457304073737,0.15346064566645429,-0.03528527567900224,-0.14190484598921707,1.02517231407656761,-0.27855480967663637)</Transform>
						<Name>mixamorig:LeftShoulder</Name>
					</Element>
					<Element index="51">
						<Transform rawdata="AACAvzIxDaUyMQ2lMjENpWdnOSUAAIA/MjENpQAAgD9nZzmlq4KUurG4bT62Xpi/">(-1,-0.00000000000000012,-0.00000000000000012,-0.00000000000000012,0.00000000000000016,1,-0.00000000000000012,1,-0.00000000000000016,-0.00113304459955532,0.23214985430240612,-1.19039034843444824)</Transform>
						<Name>mixamorig:Head</Name>
					</Element>
				</Bones>
			</Entity>
		</Root>
	</SSkinSkeletonData>
</Resource>
