<?xml version="1.0" encoding="utf-8"?>
<Resource>
	<Version>1</Version>
	<SSkinSkeletonData>
		<Root>
			<Sub/>
			<Entity type="SSkinSkeletonData">
				<Bones count="6" ordered="true">
					<Element index="0">
						<Transform rawdata="AACAvzIxDaUyMQ2lMjENpWdnOSUAAIA/MjENpQAAgD9nZzmlq4KUurG4bT62Xpi/">(-1,-0.00000000000000012,-0.00000000000000012,-0.00000000000000012,0.00000000000000016,1,-0.00000000000000012,1,-0.00000000000000016,-0.00113304459955532,0.23214985430240612,-1.19039034843444824)</Transform>
						<Name>mixamorig:Head</Name>
					</Element>
					<Element index="1">
						<Transform rawdata="AACAvzIxDaUyMQ2lMjENpWdnOSUAAIA/MjENpQAAgD9nZzmlq4KUulGK0jzoPom/">(-1,-0.00000000000000012,-0.00000000000000012,-0.00000000000000012,0.00000000000000016,1,-0.00000000000000012,1,-0.00000000000000016,-0.0011330445995553,0.02570072002708895,-1.07223224639892578)</Transform>
						<Name>mixamorig:Neck</Name>
					</Element>
					<Element index="2">
						<Transform rawdata="AACAv3NjH6UojPCkMjENpR3XDT4/iH0/MjENpT+IfT8d1w2+q4KUujUL/L0R/3u/">(-1,-0.00000000000000014,-0.0000000000000001,-0.00000000000000012,0.13851590576759068,0.99036020914078726,-0.00000000000000012,0.99036020914078726,-0.13851590576759068,-0.00113304459955531,-0.12306825334902809,-0.9843607445712278)</Transform>
						<Name>mixamorig:Spine2</Name>
					</Element>
					<Element index="3">
						<Transform rawdata="tZKUvbLSXL4sSXm/35Ijvh4Tdr8nKmY+hwd8vyX7Lz5NhxA9HZUTPt0rgz9F0o6+">(-0.07254544698770309,-0.21564749389716867,-0.97377278411298074,-0.15973995743164815,-0.9612292282280217,0.22477017810944402,-0.98448986999414545,0.17185647612276025,0.03528528252407136,0.14412351317326733,1.02477610349259818,-0.27894798967108148)</Transform>
						<Name>mixamorig:RightShoulder</Name>
					</Element>
					<Element index="4">
						<Transform rawdata="AACAv3NjH6UojPCkMjENpR3XDT4/iH0/MjENpT+IfT8d1w2+q4KUujYL/L3rimm/">(-1,-0.00000000000000014,-0.0000000000000001,-0.00000000000000012,0.13851590576759068,0.99036020914078726,-0.00000000000000012,0.99036020914078726,-0.13851590576759068,-0.00113304459955532,-0.1230682548632899,-0.91227594844372029)</Transform>
						<Name>mixamorig:Spine1</Name>
					</Element>
					<Element index="5">
						<Transform rawdata="e4wTuon7aD4sSXk/PD4hPrordr8YKmY+ac58P8okHT5LhxC9gU8Rvtk4gz+8no6+">(-0.00056285381653478,0.22752202558779666,0.97377277495267212,0.15746396678697802,-0.96160474068785706,0.22476995368871985,0.98752457304073737,0.15346064566645429,-0.03528527567900224,-0.14190484598921707,1.02517231407656761,-0.27855480967663637)</Transform>
						<Name>mixamorig:LeftShoulder</Name>
					</Element>
				</Bones>
			</Entity>
		</Root>
	</SSkinSkeletonData>
</Resource>
